hsil 264 152 288 177
hsil 479 37 505 62
hsil 328 302 354 324
hsil 336 288 356 311
hsil 352 290 366 304
hsil 341 278 358 295
hsil 650 434 679 468
hsil 88 570 109 595
hsil 186 277 208 306
hsil 497 52 522 73
hsil 460 52 484 77
hsil 455 460 488 481
hsil 471 474 500 495
hsil 461 476 487 514
hsil 468 388 490 410
asch 315 557 347 585
asch 358 457 382 488
asch 635 356 661 386
asch 618 442 646 475
asch 655 107 678 127
asch 579 56 603 88
asch 54 503 87 531
asch 361 497 382 516
asch 502 481 524 502
asch 507 449 541 487
asch 473 351 495 377
asch 495 366 517 392
ascus 418 414 457 460
ascus 373 429 422 473
ascus 92 459 142 520
asch 706 131 730 152
asch 720 113 740 134
ascus 173 361 218 411
asch 560 373 581 398
asch 556 391 591 431
