hsil 517 29 539 56
hsil 212 304 235 326
hsil 217 197 249 225
hsil 351 104 377 140
hsil 168 74 197 101
hsil 170 325 209 350
hsil 190 287 218 316
hsil 630 0 663 32
asch 768 149 795 193
asch 626 178 644 200
asch 598 74 628 92
asch 281 346 322 367
asch 297 331 323 356
asch 251 423 282 455
asch 252 496 276 529
asch 241 487 266 516
asch 176 549 205 585
asch 106 519 128 545
asch 326 231 353 258
asch 336 183 356 202
asch 567 250 597 285
asch 726 351 753 385
asch 144 382 196 414
asch 54 347 82 376
asch 20 387 52 424
asch 69 242 114 282
asch 86 232 113 261
asch -4 265 26 304
asch 45 229 70 266
asch 13 328 52 371
asch 307 183 335 203
asch 178 91 206 121
asch 427 402 461 433
asch 231 294 255 320
ascus 625 332 652 379
ascus 661 322 702 355
asch 207 321 234 348
asch 368 458 389 475
