hsil 457 448 477 480
hsil 485 347 505 370
hsil 314 288 351 317
hsil 332 289 361 301
hsil 421 391 445 422
hsil 391 331 455 400
hsil 363 284 438 332
hsil 377 196 404 235
hsil 480 167 512 203
hsil 542 130 563 153
hsil 449 425 473 446
asch 166 523 201 548
asch 158 477 191 514
asch 121 444 151 478
asch 134 316 161 343
asch 239 242 270 271
asch 400 195 422 222
asch 623 334 658 360
asch 511 311 552 346
asch 510 539 538 564
asch 711 258 747 285
asch 528 145 549 162
asch 519 182 538 207
asch 540 153 563 172
asch 652 156 673 180
asch 393 486 419 516
ascus 763 281 795 324
ascus 527 505 562 549
ascus 325 459 371 502
asch 307 441 324 464
