hsil 443 240 470 268
hsil 432 250 466 282
hsil 426 181 449 202
asch 336 113 354 131
asch 475 42 502 77
asch 312 137 337 175
asch 318 120 342 145
hsil 267 317 292 342
asch 83 446 104 467
asch 358 563 398 598
ascus 256 559 295 590
asch 380 34 402 58
asch 69 563 92 584
asch 161 393 178 409
asch 128 390 147 406
ascus 257 389 299 453
asch 165 533 188 569
asch 718 179 744 197
asch 746 130 760 155
asch 681 189 710 211
asch 682 172 706 189
asch 159 505 193 539
asch 174 388 188 402
asch 91 513 118 543
asch 621 390 647 414
hsil 263 309 284 328
