hsil 240 80 258 97
hsil 232 96 250 122
hsil 432 172 466 199
asch 722 13 752 42
asch 712 34 735 48
asch 779 45 799 65
asch 465 257 487 291
asch 433 442 460 467
asch 331 424 351 451
asch 262 202 281 222
asch 168 556 189 579
asch 206 575 227 599
asch 526 232 552 255
asch 277 16 326 66
asch 568 84 594 118
asch 248 111 268 131
asch 778 57 799 95
asch 493 -5 520 18
asch 474 316 509 345
asch 459 337 498 364
hsil 384 140 406 159
hsil 405 142 426 162
hsil 429 151 462 173
hsil 228 515 250 542
asch 434 464 452 482
asch 349 424 369 446
asch 402 258 426 282
