hsil 372 59 400 85
hsil 394 66 421 93
hsil 428 412 496 487
asch 504 115 523 146
asch 471 333 490 356
asch 470 348 489 374
asch 345 487 368 510
asch 392 446 432 496
asch 282 544 308 586
asch 235 567 259 590
asch 329 560 354 592
asch 435 525 454 552
asch 636 285 661 310
asch 606 365 629 388
asch 241 340 261 365
asch 112 223 135 241
asch 290 112 312 131
asch 397 205 433 229
asch 307 260 331 288
asch 290 72 319 101
ascus 384 5 429 52
asch 611 200 631 218
asch 712 337 734 361
asch 226 183 254 210
asch 135 172 159 207
asch 595 229 619 248
hsil 217 568 241 596
