hsil 295 520 361 598
hsil 760 167 796 252
hsil 588 43 610 63
hsil 579 28 602 45
hsil 695 49 718 71
hsil 699 151 737 186
asch 281 480 308 502
asch 266 499 295 521
asch 321 468 348 495
asch 313 446 353 468
asch 310 420 328 446
asch 142 450 172 478
asch 372 306 392 329
asch 199 245 228 274
asch 305 166 329 187
asch 516 160 538 193
asch 678 109 699 130
asch 660 234 681 253
asch 575 214 596 234
asch 528 203 553 226
asch 452 268 468 287
asch 402 288 431 327
asch 293 232 316 252
asch 176 42 199 67
asch 281 130 297 158
asch 623 172 654 198
asch 630 149 657 173
asch 394 193 418 226
asch 531 549 562 573
asch 268 64 332 136
asch 588 6 618 37
asch 579 11 598 28
ascus 332 455 378 555
ascus 318 190 358 245
asch 775 352 796 380
