asch 702 395 720 416
asch 755 401 787 444
ascus 661 505 739 567
asch 453 451 527 535
asch 378 456 459 498
asch 369 569 390 589
asch 340 576 366 597
asch 329 555 349 581
asch 265 524 296 555
hsil 265 426 288 465
asch 216 373 257 472
asch 181 368 210 395
asch 90 443 136 471
asch 129 453 164 489
hsil 131 526 178 567
asch 21 518 46 552
asch 0 420 29 451
ascus 759 254 790 305
asch 746 193 793 222
asch 627 132 726 215
ascus 732 115 786 193
asch 570 34 609 71
asch 527 311 560 369
asch 29 31 129 95
asch 3 289 44 319
asch 31 75 276 297
asch 267 159 351 243
ascus 305 237 353 292
asch 433 237 488 306
asch 219 17 242 39
asch 630 311 661 345
asch 615 300 636 330
