hsil 515 18 533 42
hsil 526 162 559 190
hsil 543 127 569 167
hsil 469 91 494 112
hsil 0 440 31 473
asch 506 6 524 26
asch 603 -4 624 20
asch 605 124 633 156
asch 593 194 618 227
asch 675 199 717 223
asch 242 219 265 238
asch 406 432 433 460
asch 289 492 319 521
asch 277 449 303 480
asch 305 432 335 466
asch 142 538 160 562
asch 258 292 285 316
asch 350 121 370 143
asch 333 27 355 49
asch 300 522 328 558
asch 496 271 515 302
asch 425 355 448 371
asch 394 222 413 245
asch 124 360 143 385
asch 561 222 591 248
asch 616 239 636 259
ascus 113 165 173 214
asch 351 101 381 128
ascus 39 307 82 369
hsil 262 500 287 525
hsil 465 219 486 242
hsil 452 54 482 82
hsil 482 63 504 91
