hsil 656 160 702 222
hsil 643 157 668 179
hsil 586 110 616 143
hsil 197 449 229 482
hsil 422 108 454 140
hsil 455 517 486 551
asch 435 134 455 153
asch 502 58 526 93
asch 477 97 513 138
asch 532 112 552 143
asch 350 406 368 432
asch 371 452 390 475
asch 656 562 677 585
asch 370 167 390 189
asch 401 182 424 209
asch 317 209 349 235
asch 542 264 571 287
asch 644 271 669 290
asch 456 183 482 229
asch 427 290 457 317
asch 431 339 457 360
asch 369 393 390 420
asch 770 163 796 199
ascus 686 118 722 160
ascus 568 250 600 284
hsil 494 249 517 275
asch 524 147 544 167
asch 632 353 654 375
