vaginalis 128 149 153 171
vaginalis 235 73 255 98
vaginalis 219 82 239 104
vaginalis 288 119 306 143
vaginalis 78 177 92 194
vaginalis 237 147 249 159
vaginalis 250 142 268 160
vaginalis 202 546 221 568
vaginalis 236 546 258 562
vaginalis 183 498 203 527
vaginalis 296 424 313 441
vaginalis 51 221 72 237
vaginalis 592 259 610 282
vaginalis 717 87 740 106
vaginalis 762 101 780 119
vaginalis 726 222 743 243
vaginalis 615 193 634 217
vaginalis 714 189 736 208
vaginalis 538 353 553 377
vaginalis 602 569 619 590
vaginalis 705 466 719 484
