vaginalis 129 177 142 197
vaginalis 413 294 426 310
vaginalis 385 163 397 186
vaginalis 533 94 551 120
vaginalis 161 70 172 87
vaginalis 436 53 458 81
vaginalis 259 320 273 336
asch 686 555 706 585
vaginalis 506 257 518 272
ascus 325 332 392 398
hsil 371 525 397 561
vaginalis 331 124 347 145
hsil 169 509 191 554
vaginalis 200 294 216 321
asch 543 366 572 400
normal 113 389 134 406
vaginalis 693 285 712 307
hsil 444 483 497 535
vaginalis 39 575 50 591
asch 555 448 593 485
hsil 603 270 631 304
asch 313 83 342 119
asch 619 5 734 81
