lsil 32 163 92 212
hsil 77 61 103 93
hsil 346 169 370 192
ascus 243 550 283 582
lsil 37 514 72 560
hsil 585 136 605 165
lsil 652 360 689 389
hsil 598 393 638 429
hsil 681 249 741 333
ascus 561 248 602 296
hsil 182 213 202 233
lsil 397 261 445 335
lsil 496 249 552 298
lsil 482 128 534 192
lsil 465 183 512 212
ascus 678 486 735 532
lsil 302 239 328 280
hsil 606 154 633 184
normal 405 186 431 209
normal 23 371 43 397
lsil 53 496 88 525
hsil 120 361 143 380
lsil 61 435 98 474
ascus 575 447 688 500
lsil 1 274 44 307
lsil 739 16 778 42
lsil 671 44 722 113
hsil 371 435 439 509
hsil 354 327 385 368
hsil 565 525 627 590
hsil 198 309 223 334
hsil 449 107 478 168
hsil 58 6 102 54
ascus 290 12 334 76
ascus 272 507 314 543
ascus 471 210 534 263
