t12743 0.99 4528.58195 7510.777900000001 5196.138 8511.288999999999
t12743 0.99 6513.477000000001 13395.7852 7227.7652 14225.736850000001
t12743 0.99 10385.21715 10510.39565 11043.5115 11351.701350000001
t12743 0.97 6532.02125 2862.2505 7600.369999999999 4065.09925
t12743 0.96 10216.74165 13045.690999999999 11257.903999999999 14058.19565
t12743 0.72 10732.5412 12014.712765 11493.026749999999 12958.46955
t12743 0.66 16536.461 7829.786 17625.8075 9038.3155
t12743 0.28 3501.9004999999997 1754.841625 3948.1312500000004 2304.93225
t12743 0.10 2305.2495 4557.4845000000005 2760.1417500000002 5160.29125
t12743 0.06 13985.047499999999 3008.975 14420.66 3613.3935
t12743 0.03 2225.0856249999997 6823.585000000001 2608.8715 7354.282499999999
t12743 0.02 896.2557500000001 7319.512500000001 1502.842425 8018.911
t12743 0.02 11871.1725 13412.127499999999 12252.739999999998 14033.869999999999
t12743 0.02 15252.510000000002 3545.2385 15652.497500000001 4068.0920000000006
t12743 0.01 8529.7105 429.462325 8847.9355 846.91505
t12743 0.01 9727.6725 216.7780875 9983.24375 618.437675
t12743 0.01 17249.25375 258.442175 17604.66 658.8841000000001
t12743 0.01 11731.01225 12655.619050000001 11981.565499999999 14364.28575
t12743 0.01 11750.836500000001 11523.452 11993.624 11984.124
t12743 0.01 4883.53875 7599.86602125 5157.803750000001 8055.13925
t12807 0.99 4456.8555 1753.2050000000002 5048.753500000001 2671.71965
t12807 0.99 14137.762125 2414.5343749999997 15470.47075 4071.7437500000005
t12807 0.96 7252.838750000001 12420.0267 7965.9955 13303.3644
t12807 0.96 2255.895 2563.8844999999997 3045.777125 3692.22875
t12807 0.91 6012.929400000001 9371.750680000001 7361.4343499999995 10828.20115
t12807 0.79 18023.475 11845.515500000001 19837.741 13573.335
t12807 0.55 6752.555 9338.57125 7268.939249999999 10210.758375000001
t12807 0.47 10.7956305 13589.87 579.5327125 14504.05425
t12807 0.24 6127.4307499999995 9418.23525 6758.019249999999 10219.7275
t12807 0.20 13484.112500000001 6529.2792500000005 14051.875 7331.05
t12807 0.19 15352.299125 4464.809375 16083.856999999998 5774.96875
t12807 0.11 6549.8825 10014.036 7111.853000000001 10813.09875
t12807 0.05 7943.9025 12386.425 8273.25125 12804.794999999998
t12807 0.04 4004.0374547 1544.0895 4171.60115 2011.9596999999999
t12807 0.03 8878.210500000001 4670.6685 9461.422 5410.906999999999
t12807 0.01 5161.3605 2127.2548749999996 5453.811000000001 2677.0174
t12809 0.99 18634.69575 7179.8147500000005 19595.2875 8526.95235
t12809 0.98 1336.74975 1373.0662499999999 2202.8702000000003 2272.7832
t12809 0.93 240.88475 8983.0375 1397.927 10643.821124999999
t12809 0.70 11253.706375 156.79478749999998 12595.784 1626.369875
t12809 0.55 10892.252625000001 975.4809375000001 11482.30025 1740.051875
t12809 0.49 8.65653125 4785.726875 296.367525 5599.804249999999
t12809 0.39 19529.447500000002 6581.728750000001 19968.74 7428.79875
t12809 0.15 8086.406750000001 0.0 8673.1775 669.320925
t12809 0.09 8012.860000000001 2395.7405 8617.650500000002 3159.08
t12809 0.07 5477.722125 6.152708124999999 5810.123 349.10171249999996
t12809 0.05 4656.46125 10001.33125 5272.77 10907.86825
t12809 0.04 8332.827500000001 0.0 8732.4675 343.64011250000004
t12809 0.04 13033.244999999999 13863.5085 13675.7025 14570.3075
t12809 0.04 4441.732 477.72317499999997 4856.49725 1051.27305
t12809 0.03 13798.126250000001 9626.094000000001 14451.783750000002 10287.337499999998
t12809 0.03 12158.621000000001 567.6376875 12494.267500000002 981.4558
t12809 0.02 1426.42925 8665.762499999999 1827.0407500000001 9140.772500000001
t12809 0.02 12390.663999999999 1585.9365 12705.35 1996.148875
t12809 0.02 5897.431250000001 12017.57 6735.165499999999 13072.797499999999
t12809 0.02 13772.3625 11210.678 14301.098750000001 12101.170999999998
t12809 0.02 12690.80425 13004.716499999999 13359.425 13783.284000000001
t12809 0.02 0.0 3973.7850000000003 105.85727499999999 4445.195
t12809 0.01 19089.31575 7216.3099999999995 19522.58875 7500.0
t12809 0.01 10941.6358 6882.14875 11428.911124999999 7355.727500000001
t12880 0.98 14688.662750000001 8254.8688375 15986.140875000001 9859.688625
t12880 0.96 13947.214 4204.4578 15314.065499999999 5157.467000000001
t12880 0.93 1083.271 9145.150775 2228.1737000000003 10191.353000000001
t12880 0.92 17610.25625 5220.818375 18753.72625 6952.006249999999
t12880 0.91 5536.305 2562.4935 6331.635625 3800.24
t12880 0.87 7641.4400000000005 7426.835 8996.965 9325.4475
t12880 0.44 3866.8014999999996 1959.4650000000001 4741.95825 2886.2709999999997
t12880 0.37 15581.573499999999 7100.31575 16441.484 8018.63625
t12880 0.09 19586.0775 12391.12175 19971.12125 13710.415
t12880 0.09 14745.7535 4142.93975 15312.3875 4891.1365000000005
t12880 0.04 5173.0825 2028.07375 5687.62175 2677.638
t12880 0.04 7761.432000000001 8857.772 8289.39825 9410.0295
t12880 0.02 16246.635000000002 7172.2300000000005 16641.1275 7648.2445
t12880 0.02 5817.287125000001 3102.5991249999997 6280.919250000001 3724.7795
t12880 0.01 8593.89575 8155.201337500001 9278.185000000001 9093.42995
t12880 0.01 3877.9285000000004 2735.5425000000005 4244.480875 3092.949125
t12913 0.99 10549.3231 250.021665 11095.9195 911.8228999999999
t12913 0.98 14235.202 2093.912 14734.093 2827.558
t12913 0.98 11169.492 9109.106455 11896.1895 9939.43085
t12913 0.10 3770.4569999999994 3486.16825 4296.231 4390.083
t12913 0.03 6209.86825 4959.69975 6621.395 5485.669
t12913 0.02 6469.316000000001 4394.38475 6855.3324999999995 5023.9625
t12913 0.01 12452.33375 2428.080375 13065.091000000002 3228.90575
t12915 0.99 2160.3828750000002 11534.877 3776.6846250000003 14002.417000000001
t12915 0.96 2487.1288999999997 3091.25206 3196.3105 3945.54525
t12915 0.93 7619.041500000001 11688.503249999998 9716.385 14256.5175
t12915 0.82 2088.98875 2015.15625 3077.3677500000003 3883.279
t12915 0.61 13441.6335 12316.705 14548.710000000001 13714.4875
t12915 0.08 1755.9715 9947.9575 2644.1845000000003 10926.523500000001
t12915 0.07 83.90940375 12376.010000000002 595.518975 13435.302000000001
t12915 0.03 2248.6725 1973.8717500000002 2853.21235 2782.35835
t12915 0.03 17456.175 10375.3295 18101.941 11072.23575
t12915 0.01 3.7774816250000005 10387.903375000002 107.39363749999998 10823.624
t12915 0.01 2175.96835 2562.02675 2753.73625 3493.2830000000004
t12915 0.01 2692.98675 13517.133999999998 3236.4815 13968.945
t12939 0.99 13356.054100000001 13140.7231 13953.566149999999 14093.100750000001
t12939 0.81 4215.588 3666.3900000000003 5952.593499999999 5734.876249999999
t12939 0.42 2357.10175 407.2392 2988.8205 1299.5696
t12939 0.39 12927.394000000002 13275.355 13814.482499999998 14640.992499999997
t12939 0.37 7751.3054999999995 76.792985 8526.258 1536.328125
t12939 0.16 19227.394 1638.93125 19808.38175 2419.281375
t12939 0.07 17675.622499999998 14114.2775 18309.684999999998 14836.48825
t12939 0.03 13454.935000000001 7785.859 14035.848999999998 8574.55375
t12939 0.02 5980.4005 4353.83425 6621.65 5122.911
t12939 0.01 0.0 313.95805 181.82466 1128.4863500000001
t12939 0.01 15533.272500000001 1170.947925 16206.1275 1992.6735000000003
t12961 0.98 13374.3059 3301.4955 13931.905200000001 4080.6073000000006
t12961 0.87 7000.990300000001 9725.34475 7402.8025 10147.7591
t12961 0.73 11083.515875000001 8400.5355 11798.028999999999 9027.688875
t12961 0.66 808.98915 2312.353 1994.21025 3651.29925
t12961 0.18 3843.8182500000003 12130.36875 4151.99275 12570.217125
t12961 0.11 13059.852499999999 14061.1525 13560.375999999998 14887.665
t12961 0.06 10516.356 14256.665 10953.3485 14687.657500000001
t12961 0.03 18006.76625 12706.427 19099.124125000002 13230.410750000001
t12961 0.02 8341.26125 11384.195375 8645.32 11751.799375
t12961 0.02 100.51939999999999 7945.810750000001 399.87933749999996 8337.24575
t12961 0.01 18447.576875 7655.62255 19018.4725 8297.7913375
t12961 0.01 18137.361249999998 12365.24275 18479.46125 12697.0695
t13006 0.98 6070.347299999999 9729.619999999999 6930.6875 10540.6888
t13006 0.62 9445.75425 11123.58925 10420.002 12420.0745
t13006 0.33 3599.7818 12338.68122 3994.9455 12960.8676
t13006 0.26 499.07640000000004 13392.05275 1129.24635 14171.093149999999
t13006 0.10 704.9643500000001 13072.173499999999 1227.73865 13722.325499999999
t13006 0.09 14530.656500000001 10008.775000000001 15195.064999999999 10708.123749999999
t13006 0.08 7777.22625 12141.547 8224.920624999999 12992.900875
t13006 0.07 8276.1345 0.0 8868.692 348.6764
t13006 0.04 14837.6675 459.39765 15212.596250000002 862.6076749999999
t13006 0.04 10790.91 3223.2120000000004 11153.946 3747.0969999999998
t13006 0.03 1399.6670749999998 4758.976000000001 1771.203 5161.036249999999
t13006 0.02 9884.289499999999 11119.241999999998 10549.89 11842.8985
t13006 0.02 14589.0975 1413.38575 15012.77925 1903.574
t13006 0.01 10727.48 14082.21125 11014.501250000001 14530.978500000001
t13006 0.01 15171.315000000002 9419.3345 15505.735000000002 9836.03375
t13043 0.98 14026.0265 3292.29742 14627.7215 4023.2615499999997
t13043 0.93 14300.51835 6827.6615 15123.5365 7467.963
t13043 0.29 4942.84125 3861.3032500000004 5398.18525 4458.71775
t13043 0.18 16000.45625 5742.49 16496.30125 6258.4925
t13043 0.15 7713.2880000000005 1054.59385 8321.636999999999 1877.9060000000002
t13043 0.13 2458.33435 183.84448250000003 2796.12275 542.96925
t13043 0.11 13197.41295 7095.402050000001 13634.922349999999 7683.298
t13043 0.11 10139.925 4922.3465 10685.456750000001 5581.904500000001
t13043 0.08 18680.879249999998 830.5231249999999 19038.141625 1588.013875
t13043 0.08 18086.86 8558.8485 18576.22825 9104.324250000001
t13043 0.07 10946.161750000001 4835.88325 11297.023 5294.82525
t13043 0.04 7208.589999999999 14074.411 7489.936749999999 14429.960000000001
t13043 0.03 4583.86575 2766.884625 4870.303 3171.1891250000003
t13043 0.02 7944.68625 11911.91175 8790.605 12896.3525
t13043 0.01 18655.934999999998 3828.709 19173.4875 4330.8857499999995
t13043 0.01 6614.483749999999 13697.56625 6991.085750000001 14119.727499999999
t13081 0.97 15053.98225 837.9516 15600.817500000001 1746.9583
t13081 0.19 15907.318125 5202.59375 16247.809625 5627.60125
t13081 0.14 6748.50625 11628.71 7307.68825 12495.986250000002
t13081 0.12 14203.155875 2434.5792500000002 14706.29725 2979.6555
t13081 0.08 17375.9375 2591.2095 18152.20325 3264.5094999999997
t13081 0.06 15790.190000000002 6163.4037499999995 16259.803750000001 6584.2155
t13081 0.06 16683.855 5348.126625 16975.276250000003 5709.57225
t13081 0.01 15726.4725 5751.7105 16730.985 6677.977499999999
t13081 0.01 11253.679250000001 1791.974625 11562.889625 2138.558625
t13135 0.89 4716.5233 6487.988625 5260.108 7319.44015
t13135 0.61 16233.150875000001 5010.059749999999 17057.175499999998 6155.757125
t13135 0.32 9861.351 3630.08625 10321.057999999997 4162.9955
t13135 0.18 19515.557125 8529.287375 19928.4075 9207.603125000001
t13135 0.14 2827.2072500000004 9418.66375 3853.71775 10340.677
t13135 0.12 7953.845 3027.476875 8358.39625 3519.20125
t13135 0.12 7186.79575 2360.8329999999996 7614.3575 2978.646875
t13135 0.07 8133.271000000001 13004.4525 8499.948 13451.239000000001
t13135 0.04 17943.735 6429.97375 18778.908750000002 6968.228125000001
t13135 0.04 4322.1948250000005 6662.13235 4766.91185 7325.3186000000005
t13135 0.04 15743.14875 5430.455 16783.225 6582.06625
t13135 0.03 17830.86875 5667.42475 18368.995 6298.43525
t13135 0.03 9486.81325 2168.7955 9965.6845 2993.067
t13135 0.03 2511.368125 6460.4625 2941.8425 6982.72125
t13135 0.02 3578.6009999999997 9350.58125 4209.04925 10026.380000000001
t13135 0.02 7280.807500000001 3257.09875 7625.66675 3704.0982499999996
t13135 0.02 4418.891250000001 4571.1402499999995 5066.45925 5200.30975
t13135 0.01 5419.596750000001 6070.4205 5714.660249999999 6455.487499999999
t13155 0.99 9804.339899999999 4920.93965 10665.5325 5900.977000000001
t13155 0.90 7593.588250000001 581.8780375 8516.401625 1967.00375
t13155 0.89 7328.2195 7172.0325 9405.69925 9578.256249999999
t13155 0.72 19172.09 5867.7212500000005 19664.2175 6850.44175
t13155 0.10 7088.4349999999995 8492.4195 7624.95 9413.057
t13155 0.02 7435.967499999999 13669.257500000002 7842.037500000001 14139.095
t13155 0.02 3677.684375 4202.1225 4309.7755 4939.873750000001
t13155 0.01 4134.756875 6515.68075 4524.559375 7019.195000000001
t13155 0.01 9725.25625 13058.065750000002 10195.221 13560.44625
t13215 0.99 12919.6495 4013.718 13836.747749999999 5571.9645
t13215 0.98 20.475566500000003 7084.434650000001 1021.63765 9000.0
t13215 0.97 5706.32475 7639.973 6427.93775 8479.4647
t13215 0.96 17531.04375 5551.9085 18337.755 6703.3075
t13215 0.88 512.20352 722.3600999999999 1459.34 1693.0786
t13215 0.84 5987.885 3654.9107499999996 7125.405999999999 4557.84875
t13215 0.83 2651.17125 97.32006 3568.817 1176.0199
t13215 0.75 275.705375 1963.0845 1126.328 3438.3007499999994
t13215 0.72 8432.46125 11155.59125 9142.425500000001 11991.689999999999
t13215 0.44 7994.453750000001 3981.1077500000006 8685.463 4720.616875000001
t13215 0.20 5512.535 9424.116875 5828.25475 9816.50525
t13215 0.19 5999.409500000001 11386.4715 6461.172500000001 11948.510750000001
t13215 0.14 3547.6727499999997 6497.126499999999 3976.4175 7733.672500000001
t13215 0.11 1976.22515 303.2715 2463.7844999999998 900.16615
t13215 0.08 1186.51475 14331.630000000001 1518.6664999999998 14657.633999999998
t13215 0.08 1899.8306249999998 878.0665 2298.276 1367.11125
t13215 0.05 37.2503875 3654.1820000000002 550.0795 4454.903
t13215 0.05 4288.090875 11400.716 4609.37425 11798.900625000002
t13215 0.04 4364.223 4915.149 5016.438 5593.9805
t13215 0.03 625.91525 14105.475000000002 1317.724375 14704.859999999999
t13215 0.02 19528.274999999998 1339.7502499999998 19828.878 1749.3951249999998
t13215 0.01 554.8337 7132.102500000001 873.648075 7489.637500000001
t13215 0.01 4391.43917 7552.501700000001 4981.7749 8222.5833
t13215 0.01 18059.869375 6572.927125 18403.576250000002 6927.38875
t13215 0.01 8614.58 8207.75675 9567.581250000001 9143.30075
t13268 0.97 11510.517875000001 4956.555 12690.3105 6268.276999999999
t13268 0.77 11589.277075 6305.910875 12310.515 7042.043750000001
t13268 0.70 3294.81275 1983.2782500000003 3850.471 2713.86075
t13268 0.32 9819.618250000001 12017.5155 10426.942500000001 12806.335000000001
t13268 0.08 13062.05 14381.537499999999 13568.857499999998 14827.697499999998
t13268 0.06 14932.731749999999 8917.24625 15362.716750000001 9444.719000000001
t13268 0.03 11870.265 10166.697499999998 12287.6525 10675.0575
t13268 0.03 9682.998 6757.66 10134.66575 7309.5955
t13268 0.02 0.0 1945.872875 604.3354 4094.1317499999996
t13268 0.02 4678.97875 3697.8949999999995 5213.724499999999 4468.287
t13268 0.02 2728.39275 14503.445 3254.771 14964.914999999999
t13268 0.02 11884.8945 0.0 12464.103749999998 612.8913
t13268 0.02 19580.238749999997 5341.713 19854.18125 5787.02425
t13268 0.01 6385.946249999999 10789.1925 7006.755750000001 11479.0755
t13268 0.01 3211.9155 455.240825 3955.5135 1451.8898000000002
t13311 0.99 5668.04075 8034.1975 6243.48875 8894.90965
t13311 0.99 6267.265600000001 9542.10985 6890.2635 10457.273700000002
t13311 0.99 10458.1816 10522.935 10990.19075 11207.4663
t13311 0.99 11125.54075 8158.4508000000005 11726.18925 8906.1493
t13311 0.97 12046.318384999999 1761.6175 12720.886849999999 2356.57975
t13311 0.82 5215.03385 12464.0084 5981.6101 13077.88485
t13311 0.82 6122.47375 13061.2415 6720.5650000000005 13852.4395
t13311 0.79 7405.2725 13027.170000000002 7859.252875 13774.11875
t13311 0.31 7488.666499999999 13175.085000000001 8469.4475 14417.385749999998
t13311 0.23 6438.22625 8479.935625 7199.1905 9626.163125000001
t13311 0.16 5889.227 12974.333200000001 6285.8595000000005 13582.338099999999
t13311 0.12 5874.6537499999995 5497.039999999999 6313.050499999999 6075.3925
t13311 0.07 10547.17355 9410.67875 10893.17975 9790.481375
t13311 0.05 10000.0 13108.01625 10129.041275 13826.918000000001
t13311 0.04 13585.709750000002 4359.59875 14247.97825 4941.07325
t13311 0.04 11991.24675 12042.10125 12496.7445 12573.452
t13311 0.03 11058.743999999999 8779.705 11468.382999999998 9370.50625
t13311 0.02 7774.2175 13437.042099999999 7989.766250000001 14369.112000000001
t13311 0.02 9610.2375 13091.134999999998 10181.49875 13813.0275
t13311 0.02 8085.11575 5856.439249999999 8535.550000000001 6345.501749999999
t13311 0.02 7759.491749999999 14514.5455 8308.168000000001 15000.0
t13311 0.01 8000.0 7896.6052 8050.980372499999 8267.36265
t13461 0.98 14401.7398 4702.1849 15214.277 5382.5987
t13461 0.92 4078.6724999999997 7935.54875 4617.833375 8623.758625
t13461 0.91 3557.7355 8892.5931875 4738.296249999999 10016.642
t13461 0.86 7887.014999999999 4946.4275 9179.044375 6205.4825
t13461 0.86 13400.983 5808.282875 14095.595874999999 6706.821250000001
t13461 0.77 8312.29375 11968.09575 9114.148000000001 13035.202
t13461 0.72 1543.1708750000003 1111.6356875 3512.5512500000004 2681.1973749999997
t13461 0.63 1643.81125 2940.4595 2120.38 3604.7125
t13461 0.57 971.3331249999999 1774.84175 1533.144875 2515.635125
t13461 0.34 1401.685125 10351.295625 2878.18375 11508.899249999999
t13461 0.28 14391.949999999999 11584.079999999998 15337.368749999998 12780.190999999999
t13461 0.19 16109.00875 12767.607499999998 16946.03875 13866.745
t13461 0.16 5496.847125 5253.710999999999 6556.692499999999 6389.6182499999995
t13461 0.14 3314.301 5145.330750000001 4013.18325 5887.430249999999
t13461 0.12 6059.16375 7762.014625000001 6603.39125 8471.8415
t13461 0.12 10788.4175 2288.52325 11255.7305 2815.3020000000006
t13461 0.08 932.0792499999999 5604.99625 1449.6482500000002 6110.81625
t13461 0.07 0.0 441.337925 1009.797575 1840.508
t13461 0.03 6485.968000000001 5618.63025 7028.78125 6191.189624999999
t13461 0.01 222.86825 643.8225 1697.03575 2572.3334999999997
t13461 0.01 14705.810000000001 5494.5925 15152.555875 6104.2375
t13546 0.96 8430.275749999999 10851.682499999999 9599.609375 12693.81375
t13546 0.96 14902.080700000002 12401.691780000001 15660.49135 13539.092849999999
t13546 0.66 4519.268 11341.504 5481.57375 12322.203
t13546 0.62 8281.6245 2488.42175 9674.44375 3829.25575
t13546 0.36 18734.6025 319.42924999999997 19850.5175 1333.3849
t13546 0.36 17359.27575 2485.0626 18249.945 3455.3322500000004
t13546 0.28 2060.21475 1218.682 4578.2895 3414.0805
t13546 0.27 11066.722 5183.716625000001 11469.7605 5832.349750000001
t13546 0.22 894.2109 14037.267499999998 2038.5747500000002 15000.0
t13546 0.13 10868.354 4111.126 13398.425 6690.5785
t13546 0.12 4292.105750000001 11151.7775 4721.096 11661.586749999999
t13546 0.09 17728.7075 14019.454249999999 18555.40925 14774.07375
t13546 0.07 7952.317499999999 2230.654 8593.0925 2965.56
t13546 0.05 0.0 2675.7725 208.8029625 3535.6972499999993
t13546 0.04 10292.6306 2543.424375 10743.77775 3066.654625
t13546 0.04 10695.288625000001 5657.019375 11107.555 6183.762500000001
t13546 0.03 8348.994999999999 9375.151 8677.993750000001 9803.993250000001
t13546 0.03 12492.5425 5512.55875 13059.7975 6227.1785
t13546 0.03 11916.75575 6609.019499999999 12521.0015 7350.946750000001
t13546 0.03 13094.521 5739.24675 13624.645249999998 6464.7162499999995
t13546 0.03 13423.5725 6424.39425 13868.913250000001 7048.34875
t13546 0.02 11107.925500000001 4901.704000000001 12430.776249999999 6373.748500000001
t13546 0.02 1477.7729 13731.325 1868.8519999999999 14205.26875
t13546 0.01 17729.0425 3152.1428749999995 18097.83325 3487.944375
t13546 0.01 71.5651575 13481.868374999998 499.19357499999995 14233.588749999999
t13558 0.93 12503.31575 2602.7783750000003 13250.305499999999 3757.8865
t13558 0.52 14480.135999999999 3074.1075 15336.04 4129.1965
t13558 0.32 16715.22375 6761.64925 17352.481 7561.65075
t13558 0.12 119.24865 1776.0511500000002 684.679375 2641.38425
t13558 0.01 537.974925 11132.5515 1143.0172499999999 11910.53325
t13575 0.89 2053.3934 7588.4761 3007.3125 8416.3162
t13575 0.85 2693.0964999999997 1263.5553 3537.0429999999997 2170.4615000000003
t13575 0.76 3802.211 7832.410525 4611.6497500000005 8994.231375
t13575 0.76 9252.4375 3948.949375 9924.647500000001 4952.7435
t13575 0.72 1571.0502500000002 8394.6025 2312.4832499999998 9090.485499999999
t13575 0.63 2957.516125 212.49756249999996 3706.3625 909.5316249999998
t13575 0.28 8366.45125 13666.655 8828.9025 14179.035999999998
t13575 0.26 729.6671000000001 2045.8087500000001 1377.3512500000002 2788.22325
t13575 0.23 2848.1107500000003 12227.662 3889.2872500000003 12992.967499999999
t13575 0.19 716.46675 9919.8655 1331.7561249999999 10672.897500000001
t13575 0.18 3815.2355 8447.208849999999 3999.8602499999997 8947.447199999999
t13575 0.13 2189.79875 13740.162499999999 2545.3685 14216.134999999998
t13575 0.06 6387.0325 9721.685625 6884.4625 10295.381875000001
t13575 0.06 14226.644999999999 10496.70325 14790.5325 11198.058249999998
t13575 0.04 2163.5065 5151.2975 3080.134 6627.31175
t13575 0.04 11961.3335 13940.751750000001 12224.182999999997 14300.907499999998
t13575 0.03 7298.60375 1331.60225 7580.007999999999 1719.6947499999999
t13575 0.02 19.90765325 6979.99875 218.72820000000002 7647.628
t13575 0.02 18.134135 8237.1775 395.5543 9419.802500000002
t13575 0.01 6099.144375000001 1061.830875 6473.561875 1598.397125
t13575 0.01 5398.4725 7197.9 6045.982750000001 7860.577499999999
t13628 0.98 7711.222125 1113.5991250000002 8231.70925 1931.07525
t13628 0.88 5233.7532 9957.2666 5783.88185 10603.9325
t13628 0.87 8023.67 11376.35 8988.980875 12404.317125
t13628 0.67 5733.467499999999 9136.266875 7010.37875 10687.5475
t13628 0.67 5420.91965 0.0 7154.124 1876.3410999999999
t13628 0.44 10180.750999999998 7881.4725 10833.596 8574.720000000001
t13628 0.44 12142.4165 10643.0325 12767.5975 11464.947499999998
t13628 0.29 12181.288999999999 11127.1545 12803.435 11927.9875
t13628 0.23 8011.165499999999 8322.238249999999 8651.895 9084.01425
t13628 0.12 5346.396650000001 9017.217725 5970.7685 10030.3578
t13628 0.08 12447.920999999998 12562.460000000001 12993.924000000003 13369.9235
t13628 0.07 5400.4056 10504.452000000001 5921.483900000001 10951.869200000001
t13628 0.04 5327.2935 9651.62 6238.02375 10739.067500000001
t13628 0.04 8659.11125 4766.035 8935.250875 5181.779125000001
t13628 0.03 4893.9735 13946.208750000002 5330.704999999999 14458.555
t13628 0.02 2.0985585 10625.86375 203.6681 11648.11925
t13628 0.02 6838.764999999999 13946.109 7227.5675 14398.8235
t13628 0.02 12737.5075 10268.44175 13088.602499999999 10663.8925
t13628 0.01 8355.45625 612.640125 8644.5305 965.39675
t13628 0.01 10653.746 7568.601250000001 10990.7745 7933.7585
t13634 0.91 9779.005 4930.563999999999 12118.277500000002 7288.160749999999
t13634 0.60 15750.672499999999 265.5824 16407.251 971.251
t13634 0.44 1981.24525 5902.2145 2511.74025 6604.306750000001
t13634 0.34 11100.390374999999 6803.802500000001 12171.352750000002 7467.71875
t13634 0.22 7042.78175 2268.799 7413.795 2658.7152499999997
t13634 0.19 5502.37875 4842.10775 5930.1494999999995 5403.21075
t13634 0.18 1938.5519 5506.85275 2306.45075 5919.2345000000005
t13634 0.10 7119.986749999999 5210.05975 7551.756249999999 5673.803749999999
t13634 0.08 6687.219249999999 939.716825 7235.304999999999 1823.9271250000002
t13634 0.04 6607.842499999999 4164.9055 6915.205000000001 4495.604
t13634 0.03 15504.117500000002 0.0 15815.345 264.68215
t13634 0.02 16125.898749999998 11693.544 16719.3085 12390.41825
t13634 0.02 10386.01375 8340.717499999999 10708.26 8734.0165
t13634 0.02 3503.0344999999998 6267.8625 4071.005 7043.982
t13634 0.01 8600.509999999998 24.688392500000003 9019.37325 442.6764
t13634 0.01 1832.8579000000002 52.593337500000004 2246.0056250000002 460.02807499999994
t13634 0.01 16076.880000000001 5605.20625 16373.2075 5936.588
t13634 0.01 5838.58425 2050.9571 6139.696 2433.28685
t13641 0.93 6005.58775 13435.36985 7061.505500000001 14412.3885
t13641 0.68 11364.2353 5961.883124999999 12687.405375 7089.862499999999
t13641 0.50 12129.768375000001 6044.586625000001 12674.280375 6674.470499999999
t13641 0.35 8772.895 2810.3375 9480.373500000002 3416.9055000000003
t13641 0.28 6609.852499999999 13734.888149999999 7056.693749999999 14474.59885
t13641 0.07 9155.906749999998 2908.9465 9630.975999999999 3315.28675
t13641 0.03 10000.0 5109.06025 10093.8210375 5572.4815
t13641 0.03 2144.48585 3925.9522500000003 3115.6615 4741.87475
t13641 0.02 18545.7175 7136.402499999999 18921.22625 7453.085
t13641 0.02 5734.5295 13492.003999999999 6212.905500000001 14097.385374999998
t13641 0.02 2629.47925 11839.760624999999 3065.358875 12388.397500000001
t13641 0.02 11480.926500000001 7328.7955 11913.0025 7772.375499999999
t13641 0.01 13429.688999999998 8972.047499999999 14443.834000000003 9770.7775
t13641 0.01 6277.46275 168.463515 6869.9845 848.23085
t13663 0.97 10132.6166 3129.887735 10624.4745 3809.18715
t13663 0.95 13530.125499999998 9769.134 14288.067799999999 10447.71635
t13663 0.89 11538.213249999999 7102.625 12259.3345 8145.88925
t13663 0.40 8219.3215 5317.30275 9166.545000000002 6313.60325
t13663 0.34 10238.253162500001 2181.4788750000002 10696.6389125 2854.500625
t13663 0.13 8297.65 1034.43965 8892.711 1728.7714999999998
t13663 0.04 16349.246249999998 10894.748 17017.0475 11518.8385
t13663 0.03 11657.019250000001 7138.291875 12276.4885 7500.0
t13665 0.99 9977.2287 6146.086 10518.191850000001 6869.91675
t13665 0.93 12598.636875 2825.9042499999996 13839.481249999999 4130.8765
t13665 0.82 5065.202 11540.25 5842.6982499999995 12884.548999999999
t13665 0.76 7472.71125 9098.213125 8200.661250000001 10471.9685
t13665 0.69 13867.9475 10264.119 14488.9225 11117.4065
t13665 0.55 6211.595499999999 13460.367500000002 6754.3099999999995 14174.936
t13665 0.21 18568.5825 12095.53675 19547.64 13292.515000000001
t13665 0.18 15285.2125 4472.10425 15682.5475 4994.26875
t13665 0.16 14844.281 4490.77025 15584.592499999999 5186.92175
t13665 0.12 732.3756249999999 3698.0067499999996 1305.5476250000002 4501.678
t13665 0.11 4316.9731249999995 12038.032874999999 4636.796249999999 12474.655499999999
t13665 0.03 12594.677 3681.7717500000003 12933.2535 4076.8272500000003
t13665 0.02 8839.298999999999 14123.41625 9179.58825 14551.270999999999
t13665 0.02 5930.060249999999 12762.4215 6220.3205 13136.9375
t13665 0.02 1978.30425 2472.3115000000003 2895.85075 3561.9675
t13665 0.01 18294.7375 12731.968 18939.15 13549.807499999999
t13665 0.01 15983.519 5482.1655 16587.125 6256.3755
t13665 0.01 15003.423999999999 6025.2545 15440.952500000001 6476.326749999999
t81361 0.70 17433.9102 10760.800799999999 18297.621750000002 11834.614249999999
