t00268 0.39 3840.1862499999997 12397.263 4904.3945 13560.9715
t00627 0.90 1973.249375 9974.376250000001 4745.96675 12688.335374999999
t00627 0.05 3436.99575 10016.947500000002 4652.9365 11586.086249999998
t00729 0.84 8079.8625 6104.858749999999 9378.6225 7249.670375
t00739 0.40 12933.448625 10102.421375 13654.89875 11209.5955
t00772 0.85 11696.111874999999 8797.4775 13165.516875000001 10610.797499999999
t00772 0.82 5018.3166249999995 11239.49775 7992.200000000001 13234.074375
t00772 0.38 9033.19625 6837.19875 11331.861 9357.421999999999
t00782 0.68 8340.372949999999 12815.006949999999 9737.721249999999 14770.297
t00782 0.54 10657.386750000001 4151.534000000001 14878.205750000001 7378.465
t00782 0.38 4891.978125 7967.081125 6078.099499999999 9316.4265
t00782 0.01 7487.063499999999 11116.21325 10078.759 13813.18675
t00861 0.85 3779.3237499999996 9400.23625 4578.826875 10664.5125
t00861 0.75 4101.984 6083.93475 6093.501 8928.97875
t00861 0.45 6512.071249999999 6069.427000000001 8358.618250000001 8151.36175
t00861 0.39 10013.609007500001 1208.4178749999999 12009.735625000001 4829.784375
t00861 0.27 8880.01625 3448.48625 9845.147500000001 5060.315374999999
t00861 0.11 4138.7485 9289.555 5365.1885 10800.882
t00861 0.09 9214.018549999999 3000.0 11423.053 4817.0692500000005
t00861 0.05 9093.692 1002.1864 13630.702500000003 7271.624
t00861 0.04 11093.45 3164.7555999999995 11955.298499999999 4498.8324999999995
t00861 0.03 6328.8391249999995 5755.360375 7809.04125 6995.475
t00861 0.01 3708.7555 7924.132500000001 6032.9662499999995 11137.258249999999
t01166 0.84 707.04675 3698.3201 2081.3913 5740.165500000001
t01166 0.78 12533.885625 10015.415375 14809.212875000001 12571.2725
t01166 0.53 992.9782 8376.5125 3235.01575 12055.04375
t01166 0.18 635.1425625 8442.229374999999 1871.334625 9935.090250000001
t01166 0.06 9536.42575 8386.9445 10626.390000000001 9875.628
t01166 0.01 9981.975 7137.0185 11204.918749999999 8578.2585
t01166 0.01 7834.68325 0.0 9399.083 928.6719250000001
t01190 0.92 11021.361875 11898.66375 12410.56125 13049.083
t01190 0.67 16338.030450000002 3953.2785000000003 17233.08305 5150.2597000000005
t01190 0.58 5733.649299999999 12696.47955 7009.0689999999995 13750.39565
t01235 0.86 5850.019499999999 663.070675 8571.445 5270.74
t01235 0.61 14768.916 3204.517 16288.27325 4701.0
t01241 0.74 9073.6785 11864.552999999998 10252.91 13195.416249999998
t01241 0.63 13372.352499999999 8587.160625 18102.600875 14052.73875
t01241 0.04 11199.112000000001 11663.8115 14197.87 15000.0
t01402 0.89 16531.769500000002 3505.955875 18344.91875 4884.473375
t01402 0.79 14624.614999999998 4579.99 17770.465 7299.219499999999
t01402 0.50 0.0 6829.23675 797.00485 8033.3609
t01689 0.83 10991.64575 12028.78875 12876.09 13561.447499999998
t01689 0.77 3401.569 5203.286 4192.308 6933.623749999999
t02332 0.72 13636.088500000002 1651.7295000000001 15639.013750000002 5170.8637499999995
t02939 0.39 7403.3105 4119.4095 8630.303249999999 5695.3895
t03757 0.61 2864.449 12170.19 5283.2125 14896.61
t03999 0.71 11610.267000000002 5667.3245 13501.8825 7541.321499999999
t03999 0.57 15724.035 2290.083375 18350.095 3956.80625
t04066 0.10 16537.809999999998 4429.04275 18993.2175 7531.808499999999
t05154 0.69 13865.998749999999 12782.5455 15115.95 14399.12125
t05656 0.02 36.033466250000004 12778.949 900.1361875 14721.76125
t06228 0.79 16397.245600000002 9306.680565 18213.9113 11217.6404
t06228 0.72 11361.660000000002 6222.697 12520.805 7938.214
t06228 0.46 14625.656500000001 2931.5364999999997 15743.425 4121.722
t06228 0.36 11029.451 4574.3565 13985.5285 6591.21325
t06228 0.36 13803.857250000001 181.449565 15977.06175 2799.5625
t06228 0.09 16734.9875 9939.284875 19492.215 12498.210500000001
t06228 0.07 15759.9975 3.05889175 17720.214999999997 1403.4551499999998
t06228 0.02 11461.51975 5707.96875 12148.437249999999 6558.40875
t06258 0.87 8418.139 5605.862499999999 10594.619999999999 8320.0455
t06258 0.79 6025.57675 492.67865 10371.702500000001 4740.0517500000005
t06258 0.71 12986.918500000002 5243.013375 14269.41375 6945.674125
t06258 0.59 5854.14675 12579.801399999998 7325.772999999999 13984.6962
t06258 0.21 42.076146249999994 11009.7425 916.7396249999999 13272.792875
t06258 0.07 9041.455000000002 7487.1449999999995 11273.195749999999 11047.8385
t06258 0.05 6587.213 597.9554 8000.0 2299.89
t06258 0.04 18072.945 5379.26825 20000.0 7250.923124999999
t06258 0.04 17108.153749999998 6033.45125 18635.81925 7220.66375
t06258 0.03 7795.588750000001 10572.89425 9319.669249999999 12950.154
t06258 0.01 5717.161700000001 3000.0 8000.0 4285.8362
t06258 0.01 14111.640499999998 5732.2631249999995 17449.841249999998 7445.30625
t06418 0.67 9235.58575 1979.729 10481.105 4536.963750000001
t06418 0.21 2783.14285 309.220825 4390.63425 1896.97675
t06418 0.14 14806.385 13623.419999999998 16140.625 14825.479999999998
t06418 0.14 15012.6025 10938.600999999999 17202.46125 13832.3
t06418 0.11 0.0 245.443375 2077.336 2710.165
t06418 0.06 15136.730625 9732.080875 19454.4925 14299.155375
t06418 0.04 9140.133000000002 884.7345000000001 10345.6155 2032.2315
t06418 0.03 16513.6475 12257.248 19708.925 14702.606249999999
t06418 0.03 10353.964249999999 3227.626 11495.000500000002 4697.14175
t06418 0.01 17541.3825 13286.81875 19070.2805 15000.0
t06526 0.85 12304.765499999998 12256.865 13519.770375 13751.8175
t06526 0.77 13163.612125 11967.15425 14333.08225 13381.3805
t06526 0.01 18999.031875 9734.140625 19966.657499999998 11322.6175
t06542 0.66 3087.2900000000004 745.247375 4369.048000000001 2422.679
t06717 0.71 16132.369625000001 11423.760624999999 17284.195 12947.13625
t06717 0.67 11115.5315 4666.458750000001 12438.961 6135.313375
t06717 0.42 10000.0 10267.528375 11241.069625 11845.119125000001
t06717 0.01 19336.3825 10043.235 20000.0 11640.17575
t06907 0.49 3382.32125 1544.769125 4719.7105 3130.15625
t06907 0.23 2580.7226249999994 5841.71675 4426.08525 8251.84625
t06907 0.08 19184.18575 2309.8804999999998 20000.0 4005.4
t06907 0.04 12122.91575 11378.321 13437.575 12625.72925
t08910 0.77 0.0 6634.112500000001 2064.9294 9620.695
t09830 0.46 6308.19125 7712.445 7822.6845 8922.3145
t10455 0.54 3312.2437499999996 677.5754499999999 4615.22525 2153.8287499999997
t10455 0.01 4317.417125 807.168625 5325.5165 2231.82925
t10720 0.49 1222.9495 5597.7775 2789.161875 7063.3545
t10907 0.11 6394.2155 8636.8775 7960.6835 10077.880000000001
t17875 0.82 3518.5850000000005 3678.3672500000002 5256.2775 5910.282500000001
t17875 0.42 25.148746250000002 13250.03275 523.2688750000001 14914.398249999998
t17875 0.13 17467.6975 14017.5075 19009.785 15000.0
t18077 0.93 16861.905 6070.041 19022.096250000002 8592.69325
t18077 0.75 5974.225 12872.58 7193.26375 14763.78375
t18555 0.64 13276.80675 7629.367000000001 14681.768750000001 9380.6425
t20111 0.64 16723.912 1020.0015000000001 18898.2 3344.13075
t21244 0.62 3143.47325 9642.954875 4876.252 11722.914125
t21244 0.58 8205.888375 5879.068374999999 9400.457 7154.8225
t21244 0.02 14633.57075 7066.5635 15701.623500000002 8459.619999999999
t22872 0.55 979.068375 11247.669625 2454.79275 13030.636625000003
t22872 0.25 2747.042875 8072.443125 5652.119125 10958.471625
t22872 0.18 4055.61025 8242.375 5513.82075 9484.87175
t22872 0.03 1332.1705 12032.818500000001 3907.301 14488.28125
t22872 0.03 1630.46875 6543.971999999999 5185.851250000001 9460.6415
t22941 0.60 11892.751250000001 9109.147500000001 13307.33625 10649.16725
t23585 0.61 15216.650000000001 5325.300500000001 20000.0 8920.23325
t25389 0.75 3772.7825000000003 5967.58375 5575.6295 8029.022999999999
t25971 0.44 3462.14025 12876.5525 6144.01925 14874.176
t26143 0.86 11507.227875 2389.80975 13885.89875 4920.01075
t26143 0.60 11967.551000000001 10817.785249999999 14448.67025 12208.478500000001
t26143 0.02 11485.1295 3073.2667500000002 12575.07175 4722.813
t26241 0.82 4228.455 8762.677 10719.562500000002 13135.375
t26248 0.48 657.8475000000001 39.1496375 1947.7403750000003 1460.6126749999999
t26341 0.82 15400.962875000001 2651.5965 17514.674375 4257.48375
t26341 0.73 13121.41775 10463.448375 16988.785499999998 14855.755625000002
t26341 0.47 12684.699249999998 13015.71925 14303.90375 14584.591249999998
t26341 0.03 2690.5017499999994 12338.94575 4826.06775 14348.91
t26426 0.63 17232.955 4638.29375 18752.57 5881.504
t26477 0.78 16391.841249999998 1940.60125 20000.0 5987.54
t26477 0.62 8147.860000000001 7109.422999999999 9339.0855 8905.62125
t26477 0.03 17071.61175 4365.379000000001 18838.846250000002 5769.15475
t26477 0.03 4700.673 3308.4148800000003 5949.531849999999 5101.409
t28873 0.86 6945.9556250000005 12667.21375 8153.81875 14766.480000000001
t28873 0.72 13493.824 7762.641912499999 15193.4275 9807.543375000001
t28873 0.61 4074.5375000000004 1339.1016250000002 5759.8145 3046.7483749999997
t28873 0.57 12421.973375 5247.823 13854.9965 6362.25275
t28873 0.44 12245.617 1635.2959999999998 14229.057499999999 4674.697
t28873 0.06 12299.855 3789.5024999999996 13631.899999999998 5490.932750000001
t28873 0.02 12119.130000000001 3114.7695 14542.006000000001 6498.91425
t28873 0.01 14300.4295 8740.712 15260.871499999997 10133.449125
t30706 0.80 10649.745 5664.16925 12876.310000000001 8568.38825
t30706 0.20 10875.509 5365.812 12397.327500000001 6878.74375
t32493 0.01 15334.4325 4651.442500000001 17687.0025 7538.263000000001
t37949 0.51 607.6697875 0.0 4916.7335 4711.655375
t40627 0.01 12000.0 0.0 12964.59595 1882.6748499999999
t40722 0.66 8181.64898 12388.14972 11237.112 15000.0
t43070 0.03 14078.414125 3483.2725000000005 14638.0485 4328.3592499999995
t43284 0.48 12172.500375 8551.8585 13501.72875 10365.323499999999
t43284 0.27 12599.480875 9853.469875 14099.229 11418.785874999998
t43482 0.74 14316.1095 1660.6926250000001 16010.296250000001 3120.1856249999996
t43482 0.69 11331.493625000001 11803.892125 12835.536625 13690.715375
t43601 0.74 1353.79505 11424.51 3483.9141250000002 13561.905000000002
t43601 0.28 19083.3 4167.438125000001 19967.53875 6590.5512499999995
t46589 0.77 14176.9725 7222.994250000001 17617.752500000002 10023.4725
t46677 0.76 7350.1982499999995 2122.5735 8483.873749999999 3789.1275
t46701 0.48 13767.3875 12916.13625 15737.671 14922.815
t46721 0.88 12103.702000000001 2992.0409999999997 13854.14425 5022.745875
t47472 0.56 9859.6649 12510.3668 10913.5428 14286.6014
t47706 0.94 1595.967875 10337.791500000001 3676.60175 11537.940625000001
t47706 0.88 11077.88425 13407.733499999998 12225.448 14768.518125
t47725 0.66 3240.4292499999997 13657.465375000002 4625.3365 14981.236250000002
t47759 0.76 2694.760875 4752.934249999999 4577.63525 6762.42375
t47759 0.10 7084.40375 3432.3841249999996 8519.74375 4629.653125
t47985 0.18 11234.703875 4833.0605 13678.69625 7500.0
t48644 0.63 13.570487499999999 7557.3964 781.5908000000001 9000.0
t48644 0.62 4211.7435000000005 11442.075375 5539.32425 13008.266249999999
t48644 0.36 16144.422499999999 10623.008749999999 17910.3975 11910.70175
t48644 0.01 3645.6467500000003 0.0 4776.13675 848.0237000000001
t48666 0.57 8682.6025 2454.7255 10924.59575 4544.325
t48696 0.89 16271.7825 544.262025 18650.2675 2693.3891249999997
t48696 0.84 10458.611 10096.3166 11990.936300000001 11673.083200000001
t48713 0.95 3009.3512499999997 12864.437875 4414.891875 14564.793749999999
t48713 0.66 3040.6192499999997 9067.879375 4992.9508749999995 10876.12725
t48773 0.40 816.1915750000001 11991.691499999999 3662.2504999999996 14719.9525
t49013 0.72 8475.3096 12795.0712 10834.7342 14821.4215
t49013 0.55 10030.06246125 12933.085000000001 10598.892587499999 14667.260000000002
t49013 0.12 10471.8936875 8169.5303 11763.590999999999 9483.205375
t49268 0.55 8448.37125 8282.759425 9439.3105 9726.92375
t49369 0.73 2666.3282500000005 3529.200375 3957.0091249999996 5515.96125
t49369 0.55 13763.51175 5780.9025 15992.886250000001 8500.0725
t49369 0.52 14804.5425 9469.4495 17558.15 12126.3675
t49369 0.12 14401.874499999998 6207.430999999999 15896.593499999999 7412.818125
t49558 0.79 13166.4635 11361.327000000001 15012.097875 14372.8225
t49558 0.30 10988.140249999999 9589.077374999999 11935.545 10735.944
t49558 0.01 895.4795750000001 13976.9625 1948.4455 15000.0
t49702 0.89 7122.8025 3835.84775 8534.26425 5606.4545
t49702 0.27 13727.1454 9577.1614 14715.9952 10740.690300000002
t49815 0.88 10478.883999999998 13161.664999999997 11893.800000000001 14532.469249999998
t49815 0.82 13165.661499999998 10319.857 14783.962500000001 11890.313750000001
t49815 0.71 12513.135 4732.04075 13996.586500000001 6345.59
t49815 0.21 13976.244999999999 767.25735 15097.474999999999 2508.41375
t49815 0.16 9162.0025 8593.510000000002 10402.1645 10307.373
t49815 0.12 2546.2427500000003 9569.65175 3744.46725 10573.6665
t49815 0.06 14184.75 10260.4645 15487.99 11419.963749999999
t50206 0.53 14570.055 13152.594 16616.5075 14996.7285
t52576 0.65 5547.38265 6422.4548 6913.9635 7778.886700000001
t52812 0.79 13555.37875 3729.3374999999996 15184.045000000002 5411.91625
t52812 0.74 13111.125750000001 2247.55425 14829.900375 4085.2447499999994
t53689 0.69 16910.958749999998 6292.897000000001 18983.472499999996 9297.5465
t53747 0.91 3256.595 5215.164500000001 4681.414999999999 7920.2775
t53913 0.66 17836.438 1364.4955625 19475.10875 3413.423125
t54120 0.77 2221.9655000000002 10.051756999999998 3098.8375 1256.1052
t54120 0.65 16714.9735 5407.893249999999 18320.576500000003 7013.8125
t54120 0.52 16361.58875 533.3122249999999 18044.74875 2279.26625
t54325 0.32 10347.04675 11039.865 11824.765 12663.785499999998
t54579 0.63 16953.7775 893.4632499999999 18919.98375 2278.86825
t54706 0.84 11840.932250000002 10834.911 13336.655375 13290.8935
t54706 0.82 9622.76215 6282.7390000000005 10574.0808 8189.4142
t54710 0.73 8697.32125 9904.440999999999 10202.5075 11625.257000000001
t54710 0.50 11161.861499999999 175.255085 14117.005 3321.48325
t54893 0.46 5024.178 6819.71865 5747.7265 8213.374
t55010 0.02 8000.0 2052.2241 8781.49775 2974.29625
t55164 0.76 12953.456000000002 1793.7715 14279.7275 3250.5400000000004
t55164 0.73 10834.77175 8805.539 12096.14875 10318.914999999999
t55164 0.50 8977.21325 2429.145375 10000.0 3636.330375
t55164 0.44 6417.128750000001 11926.04 7557.682 13386.725000000002
t55164 0.40 15208.125625 2008.82925 16415.5 3058.5407499999997
t55557 0.34 14221.68575 1554.23175 15444.461000000001 3274.5399999999995
t55618 0.48 12261.98975 2146.48 13701.062750000001 3612.878
t55618 0.15 11882.006 1381.638625 15201.25575 3776.599
t55663 0.89 10226.200850000001 576.9847500000001 11733.5608 2886.47825
t55888 0.79 13494.757125 11448.109375 15483.390749999999 14528.34
t56014 0.76 12536.345000000001 6907.608749999999 14417.4375 9078.290500000001
t56071 0.91 10591.339925 3022.39325 13003.161625 4370.31475
t56071 0.65 2173.3621249999997 64.17598749999999 3493.0437499999994 1446.0883125
t56134 0.90 16595.66875 8386.241875 17687.1575 9755.6705
t56386 0.71 1586.011 8557.471000000001 2862.3918750000003 9785.375
t56667 0.70 7656.342999999999 1055.5029 10187.180999999999 2993.195
t56710 0.78 11833.931250000001 3098.203125 14112.512999999999 5546.748749999999
t56925 0.67 5562.206625 10512.85725 6669.087500000001 11706.606625
t56931 0.94 6104.4613500000005 9274.202135 7844.205 11132.654700000001
t56975 0.59 1913.81665 103.008725 3193.6016 1522.4325
t57042 0.92 16918.015 11811.857500000002 18148.2175 13360.5075
t57042 0.67 1914.3577500000001 4484.1168 2845.6042500000003 5705.9622
t57042 0.44 15203.56525 11860.287874999998 16130.006250000002 13038.229375
t57059 0.10 6610.4349999999995 12356.952999999998 7395.053749999999 13504.015749999999
t57320 0.70 13681.92 6215.7967499999995 15623.838749999999 9491.91675
t57320 0.59 10652.531287500002 0.0 12067.089624999999 1272.277925
t57320 0.11 6320.3395 11779.854500000001 8506.675749999999 14450.386
t57320 0.02 19042.8875 13692.212500000001 19909.18575 14890.822499999998
t57422 0.40 18873.877500000002 4028.5840000000003 19931.729999999996 5824.7792500000005
t57588 0.88 15771.81325 2896.037875 17386.6275 4425.777875
t57588 0.86 16960.30375 10489.139125000002 18932.475 12129.545250000001
t57588 0.72 13723.869999999999 1790.824 16259.2525 4723.0915
t57588 0.04 13607.97125 3321.2670000000003 14667.5525 4912.3165
t57721 0.06 10000.0 12131.287750000001 10366.275024999999 13920.61
t59287 0.68 15511.511250000001 5539.94025 17006.922499999997 7234.8945
t59287 0.19 1112.5543499999999 6252.2235 2295.36685 7752.10425
t59399 0.57 11873.589 801.619375 13420.59475 2084.251625
t59399 0.56 6187.018749999999 11181.992 8588.752 12942.146250000002
t59399 0.09 1394.0535499999999 6530.231249999999 2728.0967499999997 7456.220000000001
t59399 0.02 1874.16375 4794.6825 3099.7395 6097.274749999999
t59399 0.01 424.698875 4849.575 3356.6421249999994 7420.701250000001
t59758 0.73 12419.12865 6319.126649999999 13727.2954 7434.95985
t59758 0.70 758.64715 4050.20715 2151.846 5411.318
t59758 0.70 957.7038 12947.9336 1783.0928 13945.5125
t59758 0.44 16996.99105 12296.51556 18225.01665 13281.749749999999
t59758 0.42 6743.657499999999 12653.922600000002 7841.525 13616.43675
t59758 0.39 6028.8739 13859.642650000002 7195.6855 14559.82925
t59758 0.36 9932.1048 6788.0208 10716.4847 8255.104
t59758 0.35 7539.15375 6050.003375 8267.096249999999 6948.807499999999
t59758 0.35 14353.23525 10789.690375 16951.63875 13196.4325
t59758 0.28 0.0 6840.96125 1341.4238 7721.2021
t59758 0.26 15707.164 8729.353625 16471.03875 9538.220249999998
t59758 0.26 1334.8761 12444.777750000001 2238.19685 13140.1029
t59758 0.25 16922.052 1272.7622999999999 18215.4655 2780.909375
t59758 0.22 10713.6669125 2581.02725 13165.965999999999 5190.256875
t59758 0.21 12091.299625 3257.3078750000004 13332.198 4738.259125
t59758 0.19 7393.421875 575.8091875 8404.86675 1663.4756249999998
t59758 0.16 16384.01125 8878.877250000001 17151.0055 9647.858625
t59758 0.16 7736.817874999999 4322.585 8468.65125 5113.56775
t59758 0.16 11128.41875 2827.24475 12100.14575 4039.3557499999997
t59758 0.15 17793.7224 298.499965 18652.085 1077.0137
t59758 0.15 18381.83685 345.7717 19515.1765 1241.99715
t59758 0.13 11981.633 5353.452500000001 13277.85225 6479.33625
t59758 0.09 19371.04875 13778.631625 19985.145 15000.0
t59758 0.09 13896.6975 6142.1475 14934.657500000001 7236.747
t59758 0.08 12444.05098 7526.237499999999 13284.4159 8168.3737
t59758 0.08 11302.24975 3799.1086 12000.0 4766.85135
t59758 0.03 14859.68175 1543.5876875 18213.059250000002 4061.305625
t59758 0.03 11784.054375 4941.8915 13085.400375 5919.76775
t59758 0.02 15858.23475 11212.4525 16900.270875000002 12761.8175
t59822 0.22 373.95097499999997 5098.381 1744.8854999999999 6280.547750000001
t59822 0.17 465.2375 4953.7895 2940.639875 7950.799499999999
t60340 0.86 6310.928 4855.8585 8620.27425 7571.9665
t60358 0.67 1272.2395000000001 512.735175 2911.6269999999995 1823.9273
t60686 0.56 5181.18815 6809.0495 7315.794000000001 8778.4825
t60686 0.20 14080.6275 14011.7625 15385.8975 14994.03
t60850 0.83 4294.722000000001 10716.785 5789.598125 13077.223750000001
t60995 0.86 10303.908062499999 8699.5368 11722.70925 9811.725750000001
t60995 0.63 1517.44425 4700.71 2810.10625 5901.213125
t60998 0.71 8772.641249999999 3532.155 9925.010624999999 5868.1785
t61127 0.70 12395.941499999999 5477.0565 13571.249749999999 6636.2775
t61127 0.67 18119.4975 2175.5539 19870.605 4288.14775
t62125 0.18 14815.052 13454.42 16969.12875 14985.435
t62690 0.35 14238.900000000001 8675.3325 15481.167500000001 10068.205
t62904 0.78 13309.667 1347.25785 15468.8382 2855.3136999999997
t63226 0.53 8448.26425 7567.34325 11119.143 9695.73675
t63226 0.49 3968.40375 428.49645000000004 5026.1505 1454.431625
t63408 0.91 16533.86375 2949.760625 18005.86875 4439.90175
t63408 0.63 18830.68875 8885.35225 20000.0 10146.7245
t63408 0.01 17567.62625 3708.78675 19057.141875 4869.91
t63485 0.90 17680.23125 2614.3873750000002 19141.837499999998 3933.0597500000003
t63485 0.57 10000.0 3489.2315000000003 11073.458375 4591.0775
t63628 0.23 10238.5589625 4874.1085 11003.49 6085.1097500000005
t63628 0.08 12073.054195 10416.4985 12984.052 11792.251999999999
t63655 0.68 10853.233249999997 2909.2490000000003 13167.3525 5540.2625
t65371 0.33 16890.9485 7544.91425 18123.114 9335.295750000001
t65605 0.25 3592.8806250000002 1516.738875 6077.062999999999 4101.483749999999
t65605 0.15 4246.741875 3095.6675 5091.945 3826.7562499999995
t65634 0.72 13942.58425 5022.604 15879.445 7930.39625
t65634 0.05 14297.2775 5037.37875 15476.79 6275.05075
t65664 0.45 8380.27875 3567.6547499999997 9818.508749999999 5124.065375
t65664 0.34 5980.00325 3054.344 9961.399 5244.49125
t65664 0.24 6981.375 3280.1670000000004 8752.95875 4618.28625
t65664 0.04 7319.138375 3742.332875 8300.09625 4412.34325
t65789 0.42 6317.3024 0.0 7082.512500000001 1069.74615
t66216 0.77 811.38625 0.0 2646.0505000000003 1177.11395
t68113 0.17 2522.96715 6430.960749999999 4639.446 9657.165
t69106 0.62 1762.94225 11821.2105 3730.4725 12981.967499999999
t69146 0.82 10496.431750000002 8994.7945 12083.82 10354.343499999999
t70156 0.34 0.0 0.0 4895.2297499999995 4088.6062500000003
t70202 0.35 10339.207000000002 9530.49115 11896.800000000001 11029.2389
t70249 0.74 15119.92575 11537.114999999998 16532.44 12735.53875
t70466 0.38 3859.4685 4746.57025 5139.17275 6162.172499999999
t70572 0.82 1525.60335 6557.9305 3225.4775 8315.30535
t71011 0.52 6.645321875 5909.282499999999 1221.12055 7500.0
t71070 0.53 6048.43675 1428.36465 8511.743250000001 3343.2684999999997
t71171 0.68 924.55625 10334.8125 3764.733 14222.047499999999
t71476 0.84 4167.081 8483.8575 6458.3955000000005 12752.977499999999
t72238 0.83 17339.296749999998 0.0 18617.79175 1916.854125
t72518 0.89 2358.771125 9844.28 5022.83275 12046.12875
t72649 0.87 11273.802125 9023.599125 12389.05125 10535.05075
t72685 0.47 14774.8225 96.44838 16298.6575 1578.25985
t73270 0.93 10645.8425 3481.86725 13019.89125 6130.07475
t73274 0.69 84.582865 10418.2125 1766.6412500000001 12916.544999999998
t73274 0.04 79.397785 11632.492 820.9123500000001 13316.515000000001
t73498 0.51 3220.65 11767.578000000001 5528.044250000001 15000.0
t73883 0.79 17174.37375 2203.458 19641.56625 3599.182125
t73930 0.87 172.00224500000002 6842.65125 2603.09315 9322.164250000002
t73930 0.54 982.772125 5895.98575 3146.497875 7484.803
t73939 0.58 15454.21125 12649.489250000002 17763.10875 14705.027
t73939 0.02 10000.0 0.0 10336.109187500002 1142.520425
t74015 0.68 1323.4228125 12517.3145 4465.01625 14872.358
t74015 0.01 10000.0 1838.285625 10409.455375 3817.8222499999997
t74068 0.73 10815.181750000002 4726.51225 12779.837 6113.8552500000005
t74068 0.72 10043.7225 354.68725 12116.8555 2813.0074999999997
t74094 0.89 16144.865 1032.37285 19593.65075 5409.1515
t74094 0.65 5113.7300000000005 658.048575 7701.3115 3159.75175
t74094 0.02 18787.215375 1611.17625 19829.272500000003 4325.820875
t74194 0.70 13825.482499999998 927.9336875 16216.16825 2978.0020000000004
t74194 0.07 3154.6625 12653.9955 4836.311 14833.86075
t74759 0.62 8448.272500000001 9910.395 11148.721249999999 14416.211000000001
t74911 0.26 10165.414499999999 0.0 11666.912499999999 923.335925
t75352 0.76 9429.0955 0.0 11385.913 1974.3141250000003
t75352 0.54 324.163725 7799.5158 1751.936125 9919.2995
t75627 0.51 2726.281875 509.21099999999996 4525.0885 2064.5401249999995
t75740 0.64 13652.7855 994.6374500000001 14960.8675 2514.85625
t75800 0.01 6159.37125 227.23171250000001 7889.1395 1575.3603
t76136 0.35 11361.921750000001 13306.122500000001 12608.036 14577.982499999998
t76136 0.17 11407.24575 14123.374999999998 12673.3 14959.980749999999
t76394 0.86 14485.429375 91.9747375 17005.831875 2418.28825
t76413 0.61 5148.23575 932.3275000000001 6858.676875000001 3176.162
t76413 0.51 16008.025 183.4926 17228.420000000002 2062.25125
t76413 0.20 15254.634999999998 257.71805 16625.094999999998 1865.176
t76488 0.93 8028.3125 10756.108750000001 9945.8465 12998.119999999999
t76488 0.76 12065.08267 13028.970850000002 13505.3241 14582.143
t76632 0.84 3389.404625 12550.300625 4825.556625 14423.015624999998
t76632 0.74 13604.79875 12220.253620000001 14648.3645 13774.112399999998
t76641 0.59 9828.2814 363.56789999999995 11276.9215 1932.0288
t76641 0.54 10943.3113125 52.82728125 12281.98725 1553.6875
t76641 0.50 2298.1741500000003 6245.70032 3333.8803000000003 7483.248599999999
t76641 0.31 7.5305625 7779.2755 1250.065425 9425.191499999999
t76641 0.20 8337.434500000001 5795.9545 10636.010000000002 8614.4275
t76641 0.10 11873.16775 1441.8156249999997 12598.508249999999 2681.14875
t76641 0.04 8456.7635 6521.9215 9777.6505 7902.154500000001
t76723 0.86 12060.996 9282.40125 13773.074375 11066.639749999998
t77027 0.92 8518.60625 8636.9764375 9699.22625 10530.201500000001
t77027 0.04 7506.40175 8737.135999999999 8615.37925 10211.8875
t77061 0.83 808.516875 6837.51 3502.5745 8592.536250000001
t77084 0.82 17252.5475 851.7629999999999 20000.0 3677.35625
t77084 0.17 18804.855 13501.189999999999 19881.549 14968.478500000001
t77173 0.66 6136.42925 12165.422875 8280.695 14655.1175
t77173 0.43 4233.105875 11772.0075 6198.02775 13259.49175
t77173 0.40 2101.1757500000003 10840.952500000001 5024.799000000001 13387.548749999998
t77173 0.01 3553.752125 11252.83475 5001.51025 12730.707499999999
t77173 0.01 1048.4189000000001 12120.071499999998 3554.5184999999997 14555.304
t77231 0.72 9803.57115 9015.827358 11186.4055 10634.281900000002
t77291 0.82 18098.5175 9037.611375 19974.4525 12335.25375
t77291 0.45 9.86948625 126.89576250000002 1202.456125 2433.221625
t77291 0.40 17556.725000000002 7327.959499999999 19840.855 9599.202000000001
t77291 0.35 29.14817875 5011.96675 553.562875 6845.35125
t77315 0.84 13166.931875 3829.30075 16259.753 6650.80375
t78495 0.46 14560.799374999999 1607.29525 15735.86125 3800.674
t79367 0.94 13603.22875 1261.0295 15033.365624999999 3710.9455
t79906 0.02 17368.07875 1316.7495 18380.37 2822.0275
t80208 0.75 13394.277499999998 2431.411 15233.866250000001 3816.367
t80208 0.34 16471.90375 13149.802500000002 18011.815000000002 14201.036875
t80344 0.84 16015.000875000002 10925.7915 18260.590000000004 12707.563375
t80409 0.06 10042.536818749999 10914.5075 10970.460325 12671.561875
t80409 0.02 9262.381000000001 10497.853 11611.778999999999 12826.665
t81361 0.59 14814.929250000001 1800.2365 16382.268125 3687.802875
t81622 0.39 3266.0145 10478.756250000002 4598.10175 11997.405625
t81912 0.58 16585.3278 83.83347499999999 17601.6939 1458.77335
t81916 0.75 3588.9350000000004 3880.094125 5155.473375 5194.548375
t82156 0.65 5311.6527 6934.51005 7260.1185 8458.0405
t82186 0.56 9911.75075 9885.1455 12107.0875 12558.1315
t82931 0.38 5328.1677500000005 4171.9955 8485.1495 7591.049250000001
t82931 0.35 4075.8035 1913.229 6799.06625 4050.4292499999997
t82942 0.75 7443.930875 13011.759999999998 8793.225875 14537.4695
t83111 0.92 11361.29375 3817.71325 13842.2975 7195.636
t83111 0.32 11469.640749999999 3928.707125 12873.557874999999 5386.58525
t83111 0.04 11281.993 5741.92125 12169.463249999999 7174.094999999999
t83333 0.61 9449.0384 9815.64035 10332.589499999998 11171.2114
t83746 0.93 6896.47825 891.42975 8833.8715 2943.8627500000002
t83746 0.61 18483.67625 1296.803 19765.931249999998 3135.24
t83746 0.51 12622.773374999999 5708.986625 14458.644125 6981.3125
t83880 0.76 4367.0535 8224.7575 5626.570000000001 10084.092499999999
t83924 0.73 8507.3807 6433.71505 10338.064750000001 8157.60865
t84089 0.81 2203.884375 9239.3875 3315.6322499999997 10811.181625
t84089 0.74 2474.384875 2529.5061 4525.097 3884.2765
t84105 0.83 11912.909749999999 7979.810875000001 13962.338749999999 9267.121875
t84105 0.44 6056.282 70.699225 8673.001 1662.7571
t84248 0.51 3492.868375 5683.182875 5073.67875 7307.960000000001
t84312 0.45 3225.58975 5743.795 4622.8637499999995 8618.7825
t84328 0.91 9870.9244 6255.1285 11968.227850000001 8122.692999999999
t84655 0.84 9638.61325 5439.8835 11378.28675 7551.5365
t84689 0.73 18572.355625 7903.8084 19772.00625 9696.657125
t84925 0.39 16831.401875000003 5781.5941250000005 18233.454125 7324.855
t85431 0.87 3429.048125 9371.989625 6477.365 10913.99625
t85431 0.78 2886.53425 4872.23475 4392.36225 7806.205749999999
t85431 0.74 7010.60875 8847.123875 8452.513125000001 9980.0505
t85431 0.56 7982.4712500000005 9185.731125 9527.2545 11254.50975
t85437 0.61 12135.905 3880.2887499999997 14208.945 6262.95925
t85748 0.88 10089.34625 8443.405 12652.93 10903.983250000001
t85917 0.85 3798.09575 5558.809625 5791.108749999999 6960.615
t86118 0.84 16677.903749999998 11437.8025 19549.37 13612.083499999999
t86118 0.66 18188.6325 0.0 19795.18125 1864.16565
t86118 0.42 11723.3825 9015.51125 14254.693499999998 11703.2295
t86277 0.88 7540.99425 9953.14325 9863.433 13354.984999999999
t86904 0.74 17570.325 7687.8225 19693.901 10929.9725
t87248 0.58 14304.657499999998 5156.7882500000005 15570.271249999998 6674.4574999999995
t87354 0.76 13767.287875 0.0 16128.029625 1917.20875
t87814 0.88 10168.91405 12544.117750000001 11914.42875 14534.81675
t88782 0.66 8609.96175 3659.1507 11187.747199999998 5790.47
t88982 0.29 3427.31325 13081.631500000001 4740.93825 14587.22075
t89273 0.47 16893.244125 11160.33375 18275.0225 12482.829999999998
t89531 0.30 5916.355875 5448.24025 7606.481250000001 7146.14375
t91617 0.44 10098.6421125 122.7906375 11937.264 3255.4300000000003
t92160 0.87 10715.010075 145.182275 12822.4575 2695.5726250000002
t92160 0.57 6421.708 12802.019999999997 8527.581750000001 14707.0875
t92160 0.57 12012.4254525 536.337 12729.922349999999 2963.6375
t92162 0.87 13001.775 10676.61 14848.875 12772.405999999999
t92162 0.84 14736.2143 4378.13385 15927.9835 5893.797500000001
t92162 0.65 11490.103374999999 8301.2126875 12221.179375 9771.038375
t92162 0.05 11860.365 8249.6656 13153.685625 9837.613125
t92172 0.87 10918.8675 1458.503425 12758.117 3413.90075
t92172 0.73 6112.075500000001 391.20912500000003 8284.891500000002 2798.05075
t92172 0.57 10214.492 2820.9515 12242.635 4695.1275000000005
t92172 0.28 6518.5 114.20521749999999 8413.174500000001 1220.7373499999999
t92285 0.84 5492.0561 6538.546525000001 7313.394 9000.0
t92285 0.07 219.88412500000004 0.0 2606.7214999999997 2119.08025
t92301 0.37 18884.795 12988.688750000001 19888.995 14891.869999999999
t92301 0.31 18717.283750000002 9823.32075 19992.247499999998 12364.9175
t92355 0.79 8041.788750000001 9220.6325 9421.185000000001 11416.67825
t92447 0.94 10665.17 4093.8905 13653.0915 6889.645
t92447 0.32 18.637441 13088.55 901.10835 14788.1675
t92907 0.83 1604.47275 6557.86 3883.0082500000003 8760.9635
t92907 0.78 11904.786 7126.648 13208.215 8720.9495
t92907 0.46 16494.4275 7626.419725 17783.371750000002 9252.531625
t92966 0.94 12612.737500000001 2366.4629000000004 15395.24375 4581.5205
t93147 0.70 10816.04625 3561.88625 12449.186749999999 5676.261999999999
t93197 0.75 11826.803500000002 6328.6495 13566.262499999997 8005.113249999999
t93543 0.75 13755.619999999999 5506.2595 14978.4825 7458.8555
t93738 0.19 9928.04575 6432.463 12365.60125 8622.76925
t93838 0.27 3369.42225 6133.16425 5110.376 7730.646500000001
t93869 0.21 13328.7985 4578.42515 14218.2239 5657.280000000001
t93931 0.82 14415.04375 6870.4169999999995 15824.798499999999 8421.6605
t93931 0.60 0.0 14003.3136 522.6415 15000.0
t93931 0.35 12438.99275 8242.7759625 13778.299750000002 9682.6315
t94002 0.37 4902.45925 9298.52075 5736.505999999999 10844.173499999999
t94002 0.36 1787.53965 13374.364000000001 2692.836 14745.1865
t94002 0.17 18801.9625 861.292375 19944.3675 2382.86325
t94002 0.01 14634.188125 13528.318749999999 15747.366750000001 14826.044999999998
t94986 0.90 13955.648000000001 4095.2091250000003 16005.905 6404.994999999999
