hsil 1318 761 1439 885
hsil 2396 183 2527 309
hsil 1641 1510 1768 1619
hsil 1678 1442 1782 1554
hsil 1762 1448 1832 1519
hsil 1705 1389 1791 1474
hsil 3249 2170 3394 2342
hsil 439 2849 545 2976
hsil 929 1386 1042 1531
hsil 2487 262 2608 365
hsil 2300 262 2418 383
hsil 2275 2301 2440 2404
hsil 2356 2372 2498 2477
hsil 2306 2380 2433 2572
hsil 2338 1941 2452 2050
asch 1574 2785 1734 2923
asch 1788 2286 1909 2441
asch 3176 1781 3303 1929
asch 3089 2212 3228 2377
asch 3273 537 3388 636
asch 2895 282 3016 442
asch 269 2515 437 2657
asch 1807 2483 1911 2578
asch 2508 2407 2621 2510
asch 2537 2247 2705 2437
asch 2367 1754 2477 1887
asch 2475 1831 2583 1958
ascus 2088 2070 2283 2298
ascus 1866 2144 2109 2363
ascus 461 2294 710 2600
asch 3529 657 3652 761
asch 3598 565 3700 669
ascus 867 1805 1088 2053
asch 2798 1867 2904 1991
asch 2779 1957 2953 2156
