hsil 2286 2238 2387 2398
hsil 2425 1734 2524 1852
hsil 1568 1442 1753 1587
hsil 1658 1445 1803 1507
hsil 2107 1953 2226 2111
hsil 1957 1655 2274 1999
hsil 1815 1421 2190 1661
hsil 1884 981 2018 1174
hsil 2402 837 2562 1017
hsil 2708 648 2816 767
hsil 2246 2123 2365 2232
asch 832 2613 1004 2740
asch 788 2383 954 2572
asch 607 2218 753 2389
asch 669 1578 804 1716
asch 1196 1209 1349 1356
asch 1998 976 2111 1112
asch 3114 1670 3288 1802
asch 2556 1554 2762 1731
asch 2552 2693 2691 2822
asch 3554 1292 3733 1424
asch 2641 725 2745 811
asch 2593 908 2691 1035
asch 2701 767 2816 861
asch 3261 778 3363 900
asch 1965 2431 2096 2581
ascus 3816 1403 3973 1622
ascus 2633 2527 2809 2743
ascus 1625 2295 1857 2512
asch 1537 2206 1622 2321
