hsil 2585 147 2697 279
hsil 1060 1519 1175 1631
hsil 1086 984 1245 1123
hsil 1755 519 1886 701
hsil 838 371 983 507
hsil 852 1625 1046 1751
hsil 952 1436 1091 1581
hsil 3149 -2 3315 162
asch 3841 743 3973 967
asch 3128 891 3222 1002
asch 2988 371 3138 460
asch 1406 1731 1610 1834
asch 1484 1655 1616 1781
asch 1256 2114 1411 2277
asch 1262 2480 1380 2646
asch 1206 2434 1331 2578
asch 881 2743 1023 2923
asch 528 2595 640 2725
asch 1628 1153 1766 1292
asch 1678 914 1782 1011
asch 2833 1251 2986 1427
asch 3631 1754 3763 1926
asch 719 1908 978 2070
asch 269 1734 411 1879
asch 99 1935 260 2120
asch 347 1212 572 1409
asch 430 1159 567 1304
asch -18 1324 132 1519
asch 224 1144 349 1332
asch 66 1640 260 1855
asch 1537 914 1674 1014
asch 888 454 1029 604
asch 2136 2009 2306 2167
asch 1154 1471 1274 1602
ascus 3124 1658 3259 1896
ascus 3303 1610 3511 1775
asch 1035 1604 1170 1740
asch 1842 2289 1946 2376
