hsil 2213 1200 2350 1338
hsil 2162 1251 2332 1409
hsil 2131 906 2246 1011
asch 1680 565 1771 654
asch 2375 211 2510 386
asch 1559 684 1685 873
asch 1592 598 1711 725
hsil 1333 1587 1462 1710
asch 415 2232 519 2336
asch 1788 2816 1988 2991
ascus 1279 2793 1477 2952
asch 1899 168 2011 288
asch 347 2816 461 2920
asch 806 1967 890 2047
asch 638 1950 733 2032
ascus 1283 1947 1497 2265
asch 825 2666 940 2843
asch 3591 897 3721 984
asch 3730 651 3802 775
asch 3403 943 3551 1055
asch 3411 861 3531 943
asch 796 2524 967 2696
asch 869 1938 942 2009
asch 453 2566 590 2717
asch 3105 1950 3234 2070
hsil 1315 1543 1420 1642
