hsil 1859 297 2001 424
hsil 1972 330 2103 466
hsil 2140 2062 2482 2434
asch 2521 577 2614 731
asch 2357 1664 2450 1778
asch 2348 1740 2445 1870
asch 1724 2437 1838 2548
asch 1959 2232 2159 2480
asch 1412 2720 1538 2929
asch 1175 2837 1296 2949
asch 1644 2802 1768 2961
asch 2176 2625 2268 2758
asch 3178 1424 3307 1548
asch 3030 1825 3147 1941
asch 1204 1698 1303 1825
asch 560 1117 675 1203
asch 1448 560 1558 654
asch 1986 1026 2165 1144
asch 1534 1301 1655 1439
asch 1452 359 1594 504
ascus 1919 23 2147 262
asch 3054 999 3156 1091
asch 3559 1687 3670 1805
asch 1131 917 1271 1052
asch 673 858 794 1035
asch 2974 1146 3094 1239
hsil 1083 2838 1203 2982
