hsil 1198 398 1292 487
hsil 1161 481 1250 610
hsil 2161 858 2328 993
asch 3608 65 3758 211
asch 3562 168 3676 238
asch 3895 223 3997 327
asch 2324 1286 2436 1457
asch 2165 2209 2301 2333
asch 1653 2120 1755 2253
asch 1310 1011 1403 1109
asch 838 2779 947 2896
asch 1029 2875 1133 2997
asch 2632 1162 2762 1277
asch 1385 79 1631 330
asch 2839 421 2970 592
asch 1239 555 1338 654
asch 3889 285 3997 475
asch 2463 -26 2601 91
asch 2368 1578 2545 1725
asch 2297 1684 2492 1819
hsil 1921 698 2030 794
hsil 2023 710 2128 809
hsil 2147 755 2312 865
hsil 1140 2575 1251 2710
asch 2169 2322 2262 2412
asch 1744 2122 1845 2232
asch 2008 1292 2128 1408
