hsil 1473 2601 1803 2988
hsil 3800 835 3981 1259
hsil 2939 214 3052 315
hsil 2897 141 3012 223
hsil 3475 244 3589 353
hsil 3497 755 3687 932
asch 1407 2398 1542 2510
asch 1332 2495 1473 2607
asch 1607 2339 1740 2474
asch 1567 2230 1765 2339
asch 1551 2102 1642 2232
asch 712 2250 858 2389
asch 1859 1528 1959 1646
asch 994 1227 1140 1368
asch 1527 829 1646 935
asch 2580 802 2689 964
asch 3391 543 3495 651
asch 3302 1168 3406 1265
asch 2874 1070 2982 1168
asch 2638 1014 2766 1129
asch 2261 1338 2342 1436
asch 2009 1439 2153 1634
asch 1467 1159 1578 1262
asch 879 211 994 333
asch 1403 651 1487 790
asch 3114 858 3270 990
asch 3149 743 3285 867
asch 1972 967 2092 1132
asch 2655 2743 2809 2863
asch 1338 318 1662 678
asch 2941 29 3092 186
asch 2893 53 2988 141
ascus 1662 2277 1890 2773
ascus 1588 952 1788 1227
asch 3876 1760 3981 1902
