asch 3511 1974 3602 2080
asch 3774 2007 3937 2221
ascus 3304 2526 3693 2834
asch 2263 2254 2634 2677
asch 1891 2279 2294 2490
asch 1844 2846 1948 2946
asch 1700 2882 1831 2987
asch 1646 2776 1744 2906
asch 1323 2620 1480 2773
hsil 1326 2131 1438 2327
asch 1080 1863 1284 2361
asch 904 1839 1049 1974
asch 452 2213 680 2354
asch 644 2267 821 2445
hsil 656 2631 889 2837
asch 104 2592 232 2758
asch 2 2098 146 2257
ascus 3796 1269 3952 1526
asch 3728 964 3963 1112
asch 3136 659 3631 1073
ascus 3662 575 3932 964
asch 2851 168 3047 355
asch 2637 1555 2799 1845
asch 144 153 644 473
asch 13 1444 222 1595
asch 154 376 1381 1486
asch 1336 796 1755 1214
ascus 1524 1185 1766 1462
asch 2165 1186 2438 1528
asch 1096 87 1208 195
asch 3152 1555 3304 1727
asch 3076 1501 3181 1651
