hsil 2574 91 2667 211
hsil 2630 808 2793 949
hsil 2716 636 2847 837
hsil 2344 454 2470 558
hsil -2 2200 154 2363
asch 2528 32 2622 130
asch 3014 -20 3122 100
asch 3024 619 3163 781
asch 2966 970 3090 1135
asch 3373 993 3583 1117
asch 1208 1097 1327 1191
asch 2032 2162 2167 2301
asch 1446 2462 1594 2607
asch 1383 2247 1513 2398
asch 1523 2162 1675 2330
asch 710 2690 802 2811
asch 1288 1460 1423 1581
asch 1748 607 1850 713
asch 1667 136 1773 244
asch 1502 2610 1638 2788
asch 2480 1356 2574 1510
asch 2127 1775 2240 1855
asch 1972 1112 2063 1227
asch 621 1802 714 1926
asch 2807 1112 2955 1242
asch 3080 1197 3178 1295
ascus 566 823 863 1070
asch 1757 507 1903 639
ascus 194 1534 412 1843
hsil 1308 2501 1434 2625
hsil 2325 1097 2429 1212
hsil 2261 268 2411 410
hsil 2409 315 2519 454
