hsil 3280 802 3510 1112
hsil 3214 784 3339 897
hsil 2932 552 3081 713
hsil 987 2247 1146 2410
hsil 2111 540 2271 701
hsil 2273 2586 2428 2755
asch 2176 672 2275 767
asch 2512 288 2628 466
asch 2386 484 2565 690
asch 2660 558 2760 716
asch 1748 2032 1842 2159
asch 1857 2259 1948 2377
asch 3278 2811 3387 2926
asch 1852 837 1948 946
asch 2003 911 2122 1046
asch 1586 1046 1746 1177
asch 2709 1321 2857 1436
asch 3222 1356 3343 1451
asch 2282 917 2410 1147
asch 2134 1448 2286 1584
asch 2157 1695 2286 1802
asch 1846 1964 1950 2099
asch 3851 817 3981 996
ascus 3428 592 3612 802
ascus 2840 1251 3001 1421
hsil 2470 1245 2583 1374
asch 2621 737 2720 837
asch 3161 1766 3271 1873
