vaginalis 642 746 767 854
vaginalis 1173 365 1275 492
vaginalis 1094 412 1196 522
vaginalis 1438 596 1531 716
vaginalis 390 887 462 969
vaginalis 1186 734 1246 796
vaginalis 1252 711 1340 799
vaginalis 1011 2728 1103 2840
vaginalis 1182 2728 1288 2810
vaginalis 915 2489 1015 2637
vaginalis 1481 2118 1564 2206
vaginalis 254 1103 360 1186
vaginalis 2959 1294 3051 1409
vaginalis 3583 434 3701 531
vaginalis 3812 504 3901 596
vaginalis 3629 1109 3714 1214
vaginalis 3076 967 3172 1085
vaginalis 3568 944 3679 1041
vaginalis 2690 1766 2766 1885
vaginalis 3010 2847 3093 2952
vaginalis 3526 2330 3593 2422
