vaginalis 296 1221 368 1301
vaginalis 105 743 189 854
vaginalis 463 2357 544 2463
vaginalis 1018 1466 1082 1598
vaginalis 1025 814 1090 938
vaginalis 742 32 836 144
vaginalis 1611 1701 1688 1781
vaginalis 1666 1061 1764 1156
vaginalis 2498 1082 2586 1197
vaginalis 3155 1067 3255 1188
vaginalis 3449 1734 3567 1852
vaginalis 3201 2153 3288 2310
vaginalis 3229 2580 3319 2695
vaginalis 3543 2318 3609 2442
vaginalis 3730 2492 3822 2587
vaginalis 3637 994 3712 1099
vaginalis 856 2348 948 2445
vaginalis 204 1371 267 1436
vaginalis 1672 799 1764 914
