vaginalis 2299 2179 2378 2245
vaginalis 2376 2035 2431 2118
vaginalis 3106 2223 3183 2289
vaginalis 146 369 228 425
vaginalis 304 518 352 572
vaginalis 323 305 390 380
vaginalis 780 1653 859 1752
vaginalis 268 2436 361 2529
vaginalis 2313 754 2399 848
vaginalis 2328 344 2433 452
vaginalis 3597 1099 3657 1180
vaginalis 3566 2838 3674 2936
vaginalis 3276 467 3348 554
vaginalis 2744 230 2816 314
vaginalis 3343 2550 3400 2640
vaginalis 406 2688 474 2805
vaginalis 3715 901 3837 982
vaginalis 3812 419 3895 500
vaginalis 3842 602 3906 695
