vaginalis 647 884 712 983
vaginalis 2066 1471 2129 1550
vaginalis 1923 813 1987 928
vaginalis 2667 471 2757 600
vaginalis 803 350 861 437
vaginalis 2182 264 2288 405
vaginalis 1294 1599 1364 1680
asch 3430 2776 3530 2925
vaginalis 2531 1283 2588 1359
ascus 1625 1660 1960 1989
hsil 1853 2623 1986 2803
vaginalis 1657 622 1736 724
hsil 844 2543 956 2772
vaginalis 1000 1468 1079 1604
asch 2715 1829 2862 2001
normal 566 1943 671 2029
vaginalis 3467 1426 3561 1535
hsil 2220 2417 2486 2674
vaginalis 193 2873 248 2953
asch 2773 2239 2964 2425
hsil 3013 1349 3157 1521
asch 1563 413 1711 596
asch 3097 23 3668 405
