hsil 3207 12 3450 235
hsil 2604 1046 2709 1183
hsil 3321 2740 3489 2985
asch 3307 1082 3452 1209
asch 2884 1312 3067 1448
vaginalis 788 2100 911 2292
vaginalis 632 1905 747 2000
vaginalis 1346 787 1439 967
vaginalis 3336 749 3483 869
vaginalis 2938 1528 3011 1640
vaginalis 2828 144 2928 336
vaginalis 2541 144 2665 282
vaginalis 2424 551 2530 681
vaginalis 2880 2245 3001 2348
vaginalis 1182 189 1273 309
vaginalis 784 1463 876 1589
vaginalis 900 1413 974 1528
vaginalis 1443 1589 1531 1723
vaginalis 345 938 440 1038
