hsil 553 2158 847 2439
hsil 1209 2362 1312 2492
hsil 2243 1793 2607 2050
hsil 2087 462 2295 689
vaginalis 586 988 665 1094
vaginalis -4 1823 78 1950
vaginalis 1057 1643 1178 1761
vaginalis 2345 2737 2437 2864
vaginalis 1034 32 1130 189
vaginalis 1485 949 1610 1079
vaginalis 1885 339 2000 507
vaginalis 1993 1773 2105 1938
vaginalis 2100 2093 2191 2200
asch 1398 1598 1577 1811
vaginalis 3816 1935 3966 2085
vaginalis 3743 1495 3839 1616
vaginalis 341 625 416 757
asch 3461 2560 3559 2695
asch 1568 2710 1706 2870
asch 1885 2875 2072 2970
asch 2058 1866 2172 1991
