vaginalis 1844 131 1923 223
vaginalis 364 2558 419 2646
vaginalis 2149 1374 2249 1449
vaginalis 3114 1220 3183 1309
vaginalis 3539 2127 3640 2199
vaginalis 2642 2349 2716 2439
vaginalis 2479 2100 2540 2204
vaginalis 2912 1152 2986 1228
vaginalis 1074 2420 1131 2493
vaginalis 1478 4 1552 93
vaginalis 3 637 60 708
vaginalis 3114 2110 3198 2215
vaginalis 731 1817 782 1893
vaginalis 1439 1315 1496 1411
vaginalis 1975 1702 2037 1768
vaginalis 2001 659 2071 749
vaginalis 2322 1125 2385 1187
vaginalis 2059 2137 2104 2213
vaginalis 2265 1050 2325 1126
vaginalis 2112 1869 2167 1964
vaginalis 1013 1804 1063 1865
vaginalis 762 832 826 922
vaginalis 3358 228 3421 308
vaginalis 3616 2042 3679 2126
vaginalis 1610 501 1665 567
vaginalis 283 363 342 433
vaginalis 3255 2499 3332 2605
vaginalis 3021 623 3096 721
vaginalis 3392 237 3481 313
vaginalis 3033 1491 3102 1583
vaginalis 2584 1074 2634 1146
normal 62 16 129 95
