vaginalis 2221 809 2295 884
vaginalis 372 652 437 741
vaginalis 745 917 795 982
vaginalis 348 68 416 149
vaginalis 128 2006 192 2069
vaginalis 1340 562 1425 632
vaginalis 454 1729 509 1797
vaginalis 1469 2576 1529 2669
vaginalis 3669 2241 3744 2350
vaginalis 2671 1397 2724 1472
vaginalis 2896 1223 2952 1285
vaginalis 2320 1544 2383 1624
vaginalis 1467 1915 1529 1991
vaginalis 1144 1205 1204 1276
vaginalis 1912 1506 1980 1595
vaginalis 733 2466 783 2543
vaginalis 3787 2664 3852 2751
vaginalis 2973 892 3043 987
vaginalis 3454 606 3535 674
vaginalis 2949 362 3008 435
vaginalis 1298 2955 1362 2999
vaginalis 1206 503 1261 575
vaginalis 3733 0 3794 63
vaginalis 3706 2058 3767 2157
vaginalis 3366 609 3431 690
vaginalis 3628 1626 3707 1710
vaginalis 752 2339 826 2429
