vaginalis 2777 1442 2836 1522
vaginalis 971 1816 1075 1893
vaginalis 3072 2534 3162 2598
vaginalis 2502 1246 2576 1321
vaginalis 1033 1292 1092 1369
vaginalis 1329 2771 1382 2847
vaginalis 3384 174 3450 258
vaginalis 2417 2303 2472 2390
vaginalis 2461 2423 2529 2499
vaginalis 3438 1484 3502 1566
vaginalis 1061 1261 1117 1340
vaginalis 987 2146 1062 2220
vaginalis 1061 363 1125 426
vaginalis 997 1900 1062 1984
vaginalis 3392 712 3466 778
vaginalis 1370 487 1423 540
vaginalis 1368 430 1416 500
vaginalis 1303 624 1355 701
vaginalis 2368 2479 2453 2553
