lsil 162 817 459 1059
hsil 384 305 516 467
hsil 1728 846 1848 960
ascus 1215 2751 1415 2908
lsil 184 2571 361 2802
hsil 2926 682 3023 827
lsil 3259 1799 3446 1943
hsil 2989 1967 3188 2147
hsil 3404 1245 3707 1666
ascus 2805 1242 3011 1481
hsil 912 1064 1008 1167
lsil 1983 1307 2223 1673
lsil 2479 1245 2759 1489
lsil 2408 639 2669 962
lsil 2324 917 2559 1059
ascus 3388 2430 3675 2659
lsil 1512 1194 1639 1401
hsil 3031 769 3165 918
normal 2027 929 2154 1043
normal 114 1854 215 1985
lsil 265 2481 440 2627
hsil 600 1804 714 1901
lsil 305 2175 492 2368
ascus 2877 2234 3439 2498
lsil 3 1372 220 1536
lsil 3697 80 3889 211
lsil 3353 218 3611 567
hsil 1854 2175 2194 2543
hsil 1772 1633 1925 1841
hsil 2824 2623 3135 2949
hsil 989 1544 1114 1669
hsil 2247 534 2389 842
hsil 291 32 508 271
ascus 1450 62 1669 381
ascus 1360 2533 1569 2713
ascus 2356 1050 2670 1316
