hsil 579 1787 711 1928
hsil 2892 1970 3019 2134
hsil 2375 2425 2502 2589
hsil 3564 1279 3689 1389
hsil 800 1552 899 1685
hsil 1489 104 1629 294
hsil 3711 2762 3843 2924
hsil 1 2750 80 2893
hsil 3090 1636 3196 1800
hsil 3314 12 3558 288
hsil 2875 2371 3109 2550
hsil 1920 529 2119 694
hsil 2945 953 3168 1195
hsil 265 0 362 72
ascus 836 1800 962 1958
hsil 29 327 171 521
hsil 3713 1129 3848 1240
hsil 3618 2 3785 144
ascus 2670 1977 2856 2154
hsil 2151 1690 2248 1792
asch 3700 353 3823 488
hsil 2064 1810 2145 1870
