hsil 2114 175 2262 446
hsil 3069 1675 3188 1801
hsil 2878 1504 3086 1732
hsil 875 787 1012 977
lsil 1167 1062 1512 1439
hsil 2632 2652 2794 2779
hsil 1945 1801 2065 1963
asch 2709 3 2843 140
asch 0 972 101 1180
hsil 3283 959 3498 1204
asch 3461 1409 3575 1576
hsil 1695 1507 1826 1648
hsil 1771 1600 1891 1741
hsil 1768 1741 1922 1858
hsil 1761 2574 1869 2694
hsil 1761 2805 1854 2934
hsil 1602 2795 1698 2913
hsil 1449 2736 1551 2828
hsil 1290 2828 1426 2942
hsil 1184 2754 1326 2903
lsil 1913 1055 2108 1312
